100 100
100
0 0
0 3
0 5
0 6
0 8
0 9
0 11
0 26
0 36
0 37
0 39
0 42
0 60
0 62
0 75
0 76
0 81
0 83
0 87
0 88
0 97
1 0
1 17
1 24
1 26
1 29
1 31
1 34
1 35
1 38
1 40
1 48
1 54
1 59
1 63
1 64
1 72
1 74
1 78
1 82
1 85
1 86
1 87
1 99
2 0
2 1
2 7
2 10
2 11
2 19
2 27
2 31
2 32
2 44
2 58
2 64
2 67
2 70
2 72
2 78
2 82
2 93
2 95
2 96
2 97
2 99
3 1
3 8
3 11
3 14
3 15
3 18
3 28
3 45
3 48
3 50
3 54
3 60
3 65
3 69
3 71
3 72
3 74
3 90
3 93
3 94
3 97
4 0
4 2
4 4
4 8
4 18
4 21
4 30
4 36
4 56
4 58
4 59
4 60
4 64
4 66
4 73
4 74
4 76
4 79
4 87
4 88
4 91
4 93
5 6
5 10
5 12
5 15
5 18
5 23
5 28
5 31
5 34
5 36
5 41
5 42
5 56
5 59
5 77
5 80
5 83
5 87
5 92
6 2
6 13
6 16
6 24
6 26
6 31
6 35
6 38
6 41
6 44
6 45
6 46
6 52
6 55
6 56
6 63
6 72
6 76
6 79
6 84
6 85
6 88
6 90
6 93
7 3
7 4
7 5
7 6
7 12
7 13
7 15
7 16
7 17
7 21
7 27
7 28
7 33
7 34
7 35
7 47
7 53
7 54
7 55
7 59
7 64
7 67
7 70
7 73
7 82
7 83
7 93
7 96
8 1
8 6
8 7
8 13
8 22
8 27
8 33
8 38
8 44
8 47
8 48
8 52
8 57
8 70
8 80
8 83
8 90
8 93
8 99
9 1
9 2
9 5
9 9
9 10
9 13
9 16
9 17
9 22
9 24
9 34
9 38
9 43
9 85
9 92
9 97
9 99
10 1
10 17
10 18
10 19
10 27
10 32
10 34
10 42
10 48
10 53
10 67
10 68
10 76
10 84
10 87
10 90
10 91
10 92
10 98
11 1
11 3
11 5
11 6
11 10
11 11
11 21
11 23
11 24
11 54
11 55
11 73
11 78
11 89
11 91
11 92
11 94
12 0
12 3
12 6
12 17
12 19
12 21
12 26
12 33
12 34
12 37
12 52
12 53
12 66
12 67
12 68
12 70
12 71
12 76
12 80
12 87
12 91
13 1
13 12
13 14
13 15
13 17
13 29
13 35
13 39
13 57
13 61
13 62
13 65
13 67
13 75
13 90
13 95
13 96
13 98
13 99
14 3
14 5
14 7
14 11
14 12
14 18
14 19
14 27
14 29
14 32
14 33
14 41
14 48
14 56
14 59
14 71
14 81
14 82
14 99
15 1
15 22
15 37
15 40
15 43
15 55
15 59
15 62
15 66
15 70
15 71
15 75
15 78
15 82
15 85
15 90
15 98
15 99
16 5
16 15
16 17
16 21
16 27
16 40
16 42
16 50
16 53
16 63
16 68
16 70
16 79
16 85
16 86
16 90
16 92
16 96
16 97
17 3
17 15
17 17
17 22
17 29
17 37
17 44
17 45
17 49
17 50
17 53
17 55
17 57
17 59
17 63
17 66
17 76
17 78
17 90
17 92
17 94
18 1
18 2
18 7
18 13
18 17
18 19
18 25
18 26
18 31
18 33
18 37
18 43
18 44
18 45
18 48
18 63
18 74
18 86
18 95
18 96
19 0
19 1
19 10
19 12
19 14
19 15
19 18
19 25
19 29
19 31
19 39
19 42
19 47
19 48
19 50
19 63
19 70
19 71
19 83
19 94
19 95
20 0
20 12
20 13
20 14
20 16
20 22
20 26
20 27
20 33
20 38
20 40
20 41
20 47
20 54
20 65
20 66
20 80
20 82
20 83
20 85
20 88
20 90
20 92
20 95
20 96
20 97
20 98
21 0
21 17
21 21
21 30
21 31
21 34
21 35
21 43
21 45
21 49
21 51
21 52
21 58
21 59
21 60
21 64
21 76
21 86
21 92
21 94
21 97
22 9
22 17
22 29
22 34
22 41
22 43
22 47
22 53
22 54
22 66
22 69
22 70
22 76
22 79
22 85
22 88
22 90
22 97
22 98
23 9
23 16
23 20
23 21
23 23
23 29
23 32
23 33
23 34
23 35
23 36
23 43
23 46
23 49
23 52
23 64
23 77
23 80
23 83
23 85
23 86
23 89
23 92
24 10
24 13
24 17
24 23
24 25
24 29
24 30
24 35
24 37
24 39
24 42
24 45
24 52
24 53
24 61
24 69
24 71
24 73
24 74
24 75
24 79
24 82
24 85
24 91
24 92
24 96
25 0
25 5
25 20
25 21
25 25
25 32
25 33
25 35
25 36
25 40
25 43
25 45
25 47
25 48
25 54
25 60
25 64
25 72
25 84
25 86
25 90
25 96
26 3
26 10
26 16
26 30
26 32
26 33
26 40
26 41
26 43
26 48
26 53
26 58
26 81
26 86
26 88
26 90
26 92
27 2
27 8
27 10
27 15
27 17
27 27
27 28
27 29
27 31
27 34
27 35
27 39
27 40
27 48
27 52
27 66
27 69
27 70
27 72
27 76
27 81
27 87
27 89
27 91
27 93
27 94
27 95
27 97
28 0
28 4
28 6
28 7
28 20
28 28
28 49
28 51
28 58
28 59
28 70
28 79
29 5
29 8
29 12
29 13
29 25
29 34
29 40
29 46
29 47
29 49
29 52
29 63
29 64
29 65
29 70
29 72
29 73
29 78
29 80
29 82
29 95
29 98
30 1
30 4
30 7
30 10
30 13
30 20
30 25
30 26
30 34
30 35
30 38
30 43
30 47
30 51
30 53
30 54
30 56
30 58
30 59
30 87
30 97
31 2
31 5
31 12
31 15
31 20
31 24
31 31
31 37
31 38
31 42
31 47
31 60
31 73
31 78
31 90
31 97
32 9
32 17
32 24
32 27
32 29
32 32
32 36
32 39
32 40
32 44
32 58
32 59
32 70
32 74
32 85
32 86
32 87
32 89
33 2
33 7
33 11
33 16
33 21
33 27
33 32
33 37
33 39
33 44
33 51
33 52
33 56
33 63
33 68
33 75
33 77
33 79
33 86
33 93
34 3
34 6
34 9
34 10
34 14
34 17
34 23
34 26
34 31
34 36
34 39
34 42
34 43
34 48
34 62
34 63
34 64
34 65
34 68
34 69
34 83
34 89
34 94
34 96
35 2
35 9
35 19
35 29
35 33
35 34
35 37
35 41
35 54
35 61
35 63
35 70
35 82
35 88
35 93
35 97
35 99
36 1
36 2
36 5
36 11
36 13
36 19
36 24
36 29
36 32
36 34
36 37
36 43
36 46
36 47
36 52
36 72
36 74
36 79
36 80
36 86
36 93
36 94
36 95
37 0
37 19
37 21
37 22
37 24
37 28
37 31
37 32
37 33
37 34
37 39
37 41
37 44
37 49
37 57
37 61
37 62
37 72
37 74
37 78
37 82
37 83
37 93
37 97
37 98
38 0
38 5
38 7
38 8
38 10
38 15
38 24
38 28
38 33
38 40
38 53
38 54
38 57
38 61
38 76
38 90
38 94
38 96
39 1
39 4
39 5
39 10
39 19
39 26
39 28
39 34
39 39
39 51
39 53
39 62
39 66
39 79
39 82
39 92
39 96
39 97
39 98
39 99
40 14
40 23
40 25
40 26
40 28
40 33
40 34
40 61
40 73
40 75
40 77
40 94
41 0
41 3
41 5
41 6
41 9
41 15
41 24
41 26
41 32
41 34
41 41
41 43
41 45
41 48
41 54
41 55
41 57
41 73
41 78
41 84
41 87
41 89
41 92
42 4
42 17
42 19
42 20
42 26
42 35
42 44
42 56
42 62
42 65
42 69
42 73
42 77
42 78
42 79
42 83
42 85
42 87
42 93
42 99
43 2
43 6
43 19
43 20
43 23
43 24
43 27
43 30
43 35
43 37
43 41
43 46
43 48
43 62
43 63
43 65
43 69
43 73
43 75
43 80
43 83
43 84
43 86
43 96
44 3
44 6
44 21
44 29
44 33
44 35
44 39
44 41
44 45
44 53
44 56
44 60
44 64
44 71
44 73
44 76
44 82
44 83
44 84
44 85
44 87
44 88
44 92
44 93
44 97
44 98
45 1
45 6
45 15
45 16
45 25
45 32
45 34
45 37
45 39
45 44
45 48
45 56
45 57
45 68
45 71
45 77
45 78
45 83
45 87
45 96
46 4
46 5
46 9
46 14
46 18
46 20
46 26
46 33
46 36
46 37
46 38
46 44
46 63
46 75
46 82
46 89
46 90
46 91
46 95
46 99
47 8
47 10
47 13
47 14
47 26
47 34
47 36
47 39
47 42
47 49
47 51
47 53
47 56
47 57
47 58
47 60
47 70
47 77
47 84
47 86
47 88
47 92
47 98
47 99
48 1
48 4
48 7
48 8
48 9
48 12
48 15
48 20
48 23
48 24
48 31
48 32
48 37
48 40
48 41
48 45
48 50
48 61
48 62
48 66
48 72
48 76
48 83
48 84
48 97
48 99
49 0
49 3
49 13
49 16
49 22
49 34
49 37
49 41
49 47
49 48
49 53
49 55
49 57
49 67
49 81
49 95
50 8
50 9
50 10
50 12
50 20
50 23
50 28
50 50
50 58
50 60
50 62
50 71
50 73
50 78
50 81
50 83
50 92
50 94
50 96
51 6
51 11
51 13
51 16
51 44
51 47
51 48
51 51
51 59
51 63
51 64
51 67
51 74
51 88
51 94
51 97
51 98
51 99
52 0
52 2
52 11
52 13
52 21
52 29
52 36
52 41
52 42
52 46
52 59
52 64
52 67
52 69
52 74
52 78
52 81
52 87
52 95
52 96
53 0
53 7
53 9
53 13
53 16
53 21
53 25
53 30
53 38
53 47
53 49
53 55
53 60
53 67
53 69
53 72
53 79
53 80
53 82
53 83
53 85
53 86
53 89
53 91
53 92
54 5
54 10
54 11
54 15
54 20
54 23
54 30
54 31
54 32
54 34
54 35
54 38
54 42
54 48
54 53
54 56
54 57
54 61
54 72
54 77
54 80
54 84
54 89
54 91
54 98
55 6
55 8
55 10
55 15
55 17
55 21
55 26
55 28
55 36
55 42
55 44
55 45
55 48
55 51
55 53
55 59
55 61
55 64
55 71
55 75
55 77
55 87
55 92
55 95
55 99
56 1
56 4
56 5
56 6
56 19
56 29
56 30
56 34
56 38
56 40
56 41
56 47
56 52
56 55
56 60
56 61
56 67
56 75
56 79
56 83
56 85
56 88
56 91
57 0
57 1
57 5
57 18
57 28
57 29
57 37
57 38
57 44
57 48
57 58
57 62
57 63
57 65
57 68
57 69
57 72
57 76
57 79
57 85
57 86
57 87
57 89
57 99
58 0
58 6
58 11
58 18
58 24
58 26
58 27
58 28
58 31
58 35
58 42
58 52
58 57
58 62
58 63
58 69
58 75
58 76
58 78
58 81
58 84
58 85
58 94
58 95
58 96
59 0
59 3
59 9
59 14
59 19
59 22
59 26
59 41
59 44
59 46
59 47
59 52
59 55
59 68
59 73
59 75
59 80
59 84
59 87
59 94
59 99
60 6
60 7
60 17
60 22
60 32
60 33
60 36
60 48
60 50
60 54
60 58
60 60
60 62
60 67
60 71
60 76
60 79
60 83
60 84
60 92
60 94
61 12
61 20
61 28
61 32
61 33
61 36
61 42
61 48
61 49
61 54
61 55
61 56
61 61
61 74
61 75
61 99
62 5
62 11
62 16
62 21
62 30
62 39
62 43
62 48
62 49
62 50
62 51
62 62
62 63
62 69
62 79
62 84
62 94
62 95
63 3
63 4
63 12
63 13
63 16
63 31
63 42
63 43
63 44
63 46
63 49
63 52
63 57
63 61
63 68
63 69
63 80
63 82
63 85
63 93
64 1
64 5
64 9
64 14
64 29
64 32
64 34
64 35
64 49
64 61
64 74
64 82
64 87
64 88
64 91
64 92
64 97
64 99
65 0
65 11
65 15
65 29
65 31
65 38
65 40
65 50
65 53
65 56
65 59
65 67
65 71
65 73
65 81
65 88
65 98
66 1
66 4
66 7
66 16
66 19
66 20
66 25
66 43
66 48
66 51
66 53
66 57
66 61
66 62
66 63
66 66
66 67
66 76
66 79
66 83
67 2
67 14
67 24
67 25
67 30
67 32
67 33
67 36
67 39
67 40
67 47
67 49
67 54
67 55
67 58
67 59
67 60
67 63
67 76
67 84
67 99
68 0
68 2
68 4
68 6
68 9
68 22
68 29
68 31
68 33
68 34
68 37
68 39
68 47
68 48
68 52
68 59
68 70
68 73
68 74
68 83
68 90
68 93
68 95
68 99
69 2
69 6
69 12
69 21
69 31
69 38
69 46
69 50
69 52
69 56
69 59
69 62
69 75
69 82
69 92
69 93
69 96
70 3
70 7
70 20
70 32
70 41
70 42
70 49
70 52
70 53
70 62
70 63
70 65
70 72
70 74
71 1
71 2
71 4
71 5
71 7
71 18
71 21
71 25
71 29
71 31
71 36
71 55
71 56
71 64
71 68
71 76
71 84
71 85
71 93
71 94
72 0
72 1
72 14
72 22
72 24
72 27
72 39
72 41
72 46
72 52
72 65
72 67
72 83
72 84
72 85
72 87
72 88
72 92
72 95
72 99
73 4
73 37
73 42
73 45
73 47
73 56
73 65
73 76
73 77
73 81
73 92
74 0
74 1
74 11
74 12
74 28
74 29
74 32
74 39
74 40
74 41
74 42
74 48
74 53
74 54
74 61
74 64
74 75
74 80
74 86
74 96
74 98
75 11
75 15
75 21
75 22
75 26
75 49
75 54
75 55
75 65
75 68
75 75
75 80
75 84
75 87
76 9
76 21
76 25
76 26
76 29
76 31
76 42
76 43
76 45
76 75
76 80
76 91
77 3
77 13
77 14
77 21
77 32
77 34
77 36
77 52
77 53
77 58
77 62
77 71
77 74
77 76
77 77
77 79
77 83
77 85
77 87
77 88
77 89
77 92
77 95
77 96
78 2
78 20
78 31
78 32
78 37
78 38
78 42
78 43
78 50
78 51
78 53
78 56
78 57
78 82
78 91
78 96
78 98
79 13
79 15
79 19
79 26
79 33
79 35
79 40
79 41
79 46
79 58
79 65
79 75
79 85
79 92
79 94
79 95
79 96
79 97
80 2
80 4
80 6
80 9
80 14
80 19
80 43
80 56
80 57
80 59
80 61
80 64
80 76
80 80
80 81
81 2
81 3
81 10
81 12
81 20
81 27
81 32
81 33
81 34
81 40
81 48
81 63
81 64
81 66
81 77
81 83
81 84
81 88
82 1
82 2
82 5
82 18
82 25
82 30
82 36
82 37
82 38
82 55
82 57
82 65
82 67
82 82
82 85
82 93
83 4
83 5
83 14
83 15
83 16
83 20
83 23
83 26
83 30
83 31
83 37
83 39
83 40
83 43
83 47
83 48
83 50
83 53
83 55
83 68
83 69
83 73
83 77
83 80
83 85
83 88
83 93
83 97
84 2
84 8
84 11
84 15
84 16
84 29
84 33
84 34
84 44
84 50
84 63
84 79
84 83
84 85
84 86
84 89
84 97
84 98
85 4
85 7
85 13
85 15
85 16
85 19
85 20
85 24
85 27
85 28
85 43
85 44
85 58
85 69
85 70
85 71
85 84
85 87
85 90
85 92
86 14
86 17
86 19
86 20
86 26
86 28
86 43
86 45
86 50
86 53
86 57
86 59
86 62
86 66
86 68
86 70
86 72
86 81
86 84
86 90
86 92
86 93
87 13
87 32
87 33
87 37
87 38
87 41
87 47
87 54
87 61
87 62
87 66
87 67
87 74
87 75
87 81
87 82
87 89
87 95
87 99
88 5
88 8
88 12
88 14
88 23
88 24
88 31
88 34
88 35
88 36
88 39
88 41
88 45
88 46
88 50
88 60
88 65
88 73
88 75
88 86
88 91
88 94
88 97
88 98
88 99
89 1
89 18
89 28
89 37
89 54
89 60
89 75
89 78
89 83
89 84
89 96
89 98
90 8
90 9
90 15
90 25
90 26
90 32
90 34
90 38
90 43
90 50
90 56
90 68
90 76
90 81
90 82
90 84
90 94
91 0
91 5
91 16
91 20
91 23
91 26
91 32
91 34
91 35
91 39
91 45
91 55
91 58
91 64
91 66
91 73
91 74
91 77
91 78
91 93
91 96
92 2
92 6
92 7
92 9
92 10
92 15
92 18
92 19
92 26
92 28
92 30
92 32
92 35
92 45
92 48
92 63
92 70
92 72
92 73
92 77
92 79
92 81
92 82
92 83
92 84
92 88
92 89
92 98
93 0
93 1
93 14
93 28
93 31
93 35
93 37
93 39
93 41
93 42
93 71
93 76
93 79
93 81
93 83
93 90
93 91
94 1
94 6
94 13
94 16
94 19
94 22
94 30
94 37
94 38
94 43
94 52
94 54
94 57
94 59
94 61
94 84
94 86
94 92
94 93
94 95
95 1
95 4
95 8
95 9
95 32
95 34
95 35
95 45
95 48
95 49
95 51
95 53
95 67
95 70
95 71
95 83
95 91
96 11
96 18
96 21
96 27
96 28
96 29
96 30
96 46
96 48
96 52
96 63
96 66
96 67
96 68
96 71
96 72
96 73
96 75
96 85
96 93
96 95
96 97
97 7
97 16
97 21
97 28
97 29
97 30
97 32
97 34
97 46
97 51
97 53
97 63
97 68
97 73
97 76
97 81
97 91
97 96
97 97
98 3
98 20
98 24
98 26
98 29
98 30
98 31
98 33
98 39
98 44
98 53
98 57
98 58
98 60
98 63
98 65
98 69
98 72
98 73
98 75
98 78
98 88
98 98
99 2
99 4
99 12
99 31
99 32
99 34
99 36
99 39
99 43
99 44
99 58
99 60
99 65
99 68
99 76
99 80
99 82
99 86
99 90