75 75
100
0 0
0 8
0 13
0 31
0 33
0 34
0 43
0 44
0 50
0 54
0 60
0 65
0 72
1 0
1 5
1 23
1 33
1 39
1 40
1 50
1 51
1 55
1 58
1 60
1 63
1 65
1 68
1 71
2 1
2 20
2 26
2 31
2 33
2 39
2 40
2 54
2 55
2 57
2 60
2 62
2 68
3 5
3 12
3 41
3 42
3 45
3 46
3 56
3 57
3 61
3 64
3 67
4 0
4 6
4 7
4 9
4 14
4 19
4 27
4 41
4 42
4 43
4 45
4 55
4 59
4 60
4 64
4 65
4 68
4 74
5 6
5 9
5 13
5 15
5 17
5 32
5 37
5 38
5 40
5 41
5 42
5 44
5 53
5 54
5 63
5 65
6 5
6 11
6 12
6 20
6 35
6 41
6 43
6 62
7 7
7 15
7 18
7 24
7 26
7 28
7 30
7 31
7 34
7 35
7 39
7 45
7 53
7 57
7 58
7 60
7 61
7 63
8 2
8 5
8 16
8 24
8 32
8 33
8 36
8 44
8 46
8 59
9 0
9 10
9 13
9 14
9 27
9 28
9 31
9 38
9 39
9 44
9 45
9 49
9 55
9 58
9 68
9 70
9 71
10 0
10 1
10 6
10 11
10 21
10 22
10 23
10 26
10 28
10 33
10 34
10 38
10 48
10 49
10 55
10 58
10 59
10 66
10 69
10 74
11 7
11 16
11 18
11 28
11 34
11 38
11 39
11 41
11 43
11 54
11 55
11 57
11 58
11 61
11 67
11 68
12 0
12 5
12 10
12 19
12 25
12 32
12 34
12 36
12 44
12 49
12 50
12 53
12 56
12 59
12 66
12 67
12 71
12 74
13 3
13 5
13 7
13 11
13 20
13 27
13 31
13 32
13 40
13 41
13 44
13 45
13 50
13 51
13 57
13 61
13 65
14 3
14 7
14 8
14 9
14 17
14 18
14 20
14 21
14 31
14 32
14 38
14 44
14 48
14 52
14 62
14 71
14 72
15 1
15 7
15 17
15 22
15 28
15 30
15 36
15 45
15 49
15 59
15 60
15 70
16 0
16 2
16 3
16 4
16 5
16 6
16 15
16 16
16 21
16 26
16 30
16 35
16 38
16 40
16 41
16 42
16 60
17 24
17 26
17 32
17 35
17 39
17 40
17 42
17 45
17 49
17 52
17 54
17 60
17 61
17 64
17 65
17 67
17 68
17 69
18 0
18 14
18 15
18 19
18 24
18 30
18 31
18 36
18 38
18 43
18 49
18 54
18 61
18 62
18 64
18 68
19 1
19 2
19 8
19 11
19 14
19 15
19 23
19 26
19 35
19 43
19 47
19 56
19 63
19 65
19 66
19 67
20 0
20 2
20 4
20 7
20 17
20 19
20 23
20 24
20 44
20 50
20 52
20 55
20 59
20 61
20 64
20 68
20 70
20 71
21 4
21 5
21 11
21 13
21 17
21 23
21 29
21 30
21 32
21 46
21 47
21 55
21 56
21 70
21 71
22 0
22 4
22 6
22 7
22 11
22 12
22 18
22 19
22 20
22 26
22 27
22 30
22 36
22 43
22 45
22 46
22 52
22 54
22 55
22 57
22 59
23 7
23 10
23 12
23 21
23 22
23 23
23 30
23 32
23 41
23 48
23 54
23 68
23 69
23 70
23 72
23 74
24 3
24 5
24 7
24 11
24 12
24 16
24 17
24 31
24 36
24 40
24 42
24 48
24 50
24 52
24 58
24 62
24 67
24 70
25 10
25 13
25 18
25 22
25 33
25 43
25 54
25 60
25 66
25 67
26 8
26 17
26 18
26 20
26 22
26 24
26 26
26 31
26 35
26 37
26 65
26 66
26 67
27 8
27 12
27 24
27 31
27 33
27 35
27 40
27 46
27 55
27 57
27 58
27 63
27 69
27 72
28 3
28 6
28 31
28 36
28 43
28 48
28 49
28 50
28 52
28 63
28 73
29 3
29 8
29 10
29 18
29 24
29 25
29 28
29 29
29 43
29 52
29 55
29 64
29 65
29 71
30 4
30 5
30 16
30 17
30 18
30 21
30 26
30 31
30 40
30 41
30 50
30 58
30 67
30 69
30 73
31 0
31 5
31 6
31 9
31 10
31 12
31 13
31 16
31 17
31 23
31 29
31 41
31 50
31 51
31 56
31 64
31 67
31 74
32 0
32 26
32 30
32 32
32 37
32 50
32 54
32 56
32 57
32 59
32 61
32 62
32 74
33 0
33 13
33 26
33 28
33 29
33 38
33 42
33 45
33 47
33 50
33 51
33 56
33 63
33 66
33 67
34 4
34 11
34 12
34 15
34 21
34 23
34 24
34 27
34 32
34 34
34 36
34 39
34 43
34 47
34 53
34 58
34 59
35 5
35 12
35 13
35 15
35 27
35 31
35 43
35 44
35 53
35 59
35 64
35 66
35 69
35 70
35 73
35 74
36 1
36 8
36 15
36 17
36 21
36 32
36 43
36 44
36 48
36 49
36 53
36 54
36 55
36 57
36 58
37 1
37 4
37 5
37 15
37 20
37 23
37 29
37 31
37 34
37 35
37 50
37 59
37 63
37 70
37 73
38 4
38 8
38 9
38 11
38 19
38 21
38 24
38 38
38 41
38 45
38 56
38 64
38 65
38 69
38 71
38 72
39 3
39 8
39 19
39 26
39 27
39 29
39 36
39 37
39 41
39 47
39 50
39 52
39 53
39 60
39 62
40 5
40 7
40 11
40 22
40 23
40 25
40 28
40 29
40 31
40 34
40 50
40 51
40 57
40 60
40 61
40 70
40 72
41 1
41 9
41 12
41 18
41 23
41 26
41 32
41 36
41 40
41 46
41 48
41 49
41 52
41 60
41 63
41 65
41 66
41 70
41 72
42 4
42 9
42 13
42 18
42 30
42 33
42 45
42 50
42 53
42 54
42 57
42 61
42 73
43 8
43 9
43 13
43 26
43 28
43 30
43 42
43 44
43 46
43 50
43 59
43 60
43 61
43 62
43 66
43 68
43 74
44 1
44 6
44 8
44 9
44 30
44 31
44 36
44 46
44 51
44 56
44 61
44 66
44 67
45 2
45 5
45 7
45 8
45 18
45 27
45 29
45 33
45 37
45 38
45 46
45 52
45 54
45 57
45 58
45 70
46 8
46 12
46 19
46 25
46 27
46 29
46 31
46 36
46 39
46 45
46 50
46 53
46 58
46 63
46 64
46 71
47 9
47 16
47 18
47 22
47 24
47 25
47 27
47 28
47 33
47 36
47 37
47 41
47 43
47 48
47 51
47 56
47 64
48 1
48 4
48 20
48 22
48 24
48 29
48 31
48 36
48 43
48 47
48 51
48 52
48 55
48 56
48 57
48 62
48 63
48 65
49 3
49 6
49 11
49 15
49 22
49 24
49 31
49 35
49 38
49 41
49 46
49 50
49 54
49 55
49 57
49 68
49 74
50 6
50 8
50 21
50 23
50 24
50 27
50 50
50 57
50 60
50 61
50 66
50 68
51 0
51 1
51 3
51 10
51 18
51 20
51 34
51 36
51 37
51 38
51 44
51 51
51 52
51 63
51 65
51 66
51 67
51 68
51 69
51 72
51 74
52 2
52 9
52 14
52 22
52 24
52 25
52 27
52 43
52 46
52 47
52 50
52 55
52 61
52 65
52 67
52 70
52 71
52 72
53 3
53 15
53 18
53 21
53 28
53 29
53 32
53 58
53 60
53 62
53 64
53 73
54 0
54 18
54 19
54 23
54 24
54 26
54 34
54 36
54 38
54 44
54 49
54 50
54 51
54 74
55 1
55 3
55 5
55 9
55 10
55 11
55 32
55 35
55 37
55 43
55 46
55 47
55 51
55 54
55 61
55 63
55 67
55 70
55 73
56 1
56 3
56 9
56 11
56 17
56 21
56 29
56 38
56 39
56 41
56 42
56 52
56 56
56 58
56 65
56 69
57 7
57 12
57 14
57 15
57 21
57 24
57 29
57 38
57 42
57 43
57 45
57 54
57 57
57 58
57 61
57 67
57 73
57 74
58 0
58 1
58 2
58 5
58 6
58 9
58 10
58 15
58 19
58 43
58 55
58 62
58 65
58 69
58 71
58 72
59 0
59 2
59 20
59 25
59 26
59 28
59 31
59 32
59 38
59 39
59 46
59 53
60 1
60 7
60 8
60 10
60 16
60 31
60 35
60 36
60 46
60 47
60 49
60 53
60 64
60 66
61 7
61 14
61 16
61 28
61 29
61 35
61 42
61 51
61 52
61 53
61 56
61 57
61 62
61 63
61 67
61 68
61 69
61 70
61 72
62 1
62 2
62 8
62 12
62 13
62 15
62 18
62 19
62 20
62 31
62 33
62 36
62 38
62 39
62 45
62 48
62 56
62 59
62 61
62 66
62 67
62 72
62 74
63 11
63 12
63 17
63 18
63 19
63 24
63 27
63 28
63 33
63 34
63 41
63 42
63 45
63 49
63 56
63 58
63 61
63 62
63 68
63 69
64 0
64 19
64 22
64 24
64 27
64 30
64 32
64 34
64 35
64 41
64 45
64 52
64 58
64 63
64 69
64 71
64 74
65 4
65 11
65 14
65 15
65 19
65 37
65 39
65 42
65 44
65 50
65 52
65 54
65 55
65 56
65 62
66 7
66 11
66 13
66 18
66 26
66 30
66 39
66 42
66 49
66 54
66 56
66 59
66 62
66 63
66 64
66 67
66 72
67 0
67 3
67 6
67 9
67 17
67 19
67 20
67 21
67 25
67 27
67 30
67 32
67 40
67 45
67 49
67 58
67 63
67 69
67 72
68 7
68 8
68 15
68 16
68 18
68 21
68 26
68 30
68 35
68 38
68 45
68 46
68 47
68 48
68 49
68 50
68 51
68 54
68 56
68 58
68 59
68 62
68 67
68 69
68 72
69 7
69 12
69 15
69 48
69 52
69 56
69 60
69 65
70 1
70 8
70 11
70 18
70 19
70 24
70 27
70 28
70 30
70 32
70 36
70 39
70 42
70 44
70 47
70 56
70 58
70 61
70 62
70 64
70 69
70 71
70 73
70 74
71 7
71 10
71 11
71 12
71 16
71 57
71 60
71 66
71 68
71 69
72 2
72 6
72 13
72 16
72 20
72 23
72 26
72 27
72 34
72 37
72 38
72 45
72 47
72 56
72 57
72 64
72 65
72 72
73 0
73 2
73 3
73 4
73 7
73 12
73 13
73 14
73 24
73 33
73 40
73 41
73 42
73 43
73 57
73 63
73 64
73 72
73 73
73 74
74 0
74 4
74 8
74 21
74 24
74 27
74 33
74 38
74 42
74 44
74 54
74 59
74 63
74 64
74 69
74 71
74 74