100 100
50
0 14
0 18
0 19
0 20
0 22
0 34
0 35
0 38
0 39
0 44
0 45
0 47
0 50
0 51
0 57
0 71
0 80
0 89
0 91
0 93
0 97
0 98
1 6
1 10
1 15
1 16
1 21
1 22
1 30
1 32
1 36
1 38
1 39
1 40
1 49
1 53
1 57
1 58
1 62
1 72
1 73
1 75
1 77
1 84
1 86
1 88
1 89
1 90
1 91
1 92
1 94
2 1
2 2
2 5
2 8
2 12
2 15
2 18
2 23
2 27
2 33
2 35
2 37
2 38
2 42
2 44
2 53
2 57
2 62
2 70
2 74
2 78
2 81
2 84
2 86
2 87
2 88
2 90
2 99
3 0
3 1
3 7
3 9
3 17
3 20
3 26
3 27
3 29
3 30
3 33
3 43
3 44
3 63
3 64
3 68
3 70
3 86
3 89
3 91
3 95
3 97
3 99
4 0
4 5
4 11
4 12
4 14
4 19
4 24
4 25
4 30
4 32
4 35
4 41
4 45
4 51
4 53
4 56
4 70
4 72
4 79
4 81
4 82
4 87
4 89
5 1
5 4
5 5
5 8
5 18
5 24
5 27
5 30
5 33
5 40
5 41
5 46
5 53
5 56
5 62
5 64
5 68
5 71
5 81
5 96
6 2
6 7
6 8
6 15
6 19
6 23
6 26
6 27
6 28
6 29
6 31
6 32
6 35
6 36
6 38
6 39
6 50
6 51
6 57
6 58
6 63
6 66
6 67
6 68
6 70
6 80
6 87
7 0
7 4
7 13
7 26
7 27
7 32
7 33
7 36
7 71
7 76
7 78
7 91
8 0
8 10
8 11
8 13
8 20
8 25
8 31
8 32
8 33
8 37
8 38
8 43
8 45
8 46
8 53
8 56
8 60
8 67
8 70
8 75
8 80
8 82
8 88
9 0
9 9
9 11
9 17
9 23
9 26
9 28
9 45
9 46
9 48
9 49
9 52
9 54
9 55
9 56
9 66
9 67
9 76
9 78
9 79
9 83
9 84
9 87
10 1
10 9
10 15
10 17
10 19
10 24
10 25
10 26
10 34
10 39
10 43
10 46
10 48
10 53
10 59
10 62
10 70
10 72
10 74
10 75
10 77
10 80
10 87
10 99
11 0
11 1
11 5
11 8
11 12
11 13
11 15
11 16
11 17
11 22
11 24
11 32
11 33
11 34
11 38
11 39
11 44
11 47
11 59
11 62
11 63
11 72
11 76
11 77
11 83
11 85
11 88
12 0
12 10
12 13
12 25
12 27
12 29
12 34
12 41
12 42
12 48
12 53
12 54
12 61
12 62
12 67
12 78
12 80
12 82
12 91
12 92
12 93
13 9
13 10
13 11
13 16
13 25
13 28
13 40
13 41
13 42
13 51
13 52
13 86
13 93
13 97
14 1
14 7
14 22
14 31
14 41
14 42
14 52
14 60
14 63
14 66
14 71
14 72
14 73
14 75
14 76
14 85
14 93
14 97
15 0
15 3
15 4
15 14
15 18
15 19
15 34
15 36
15 38
15 40
15 46
15 47
15 51
15 53
15 62
15 63
15 66
15 67
15 79
15 83
15 94
15 97
16 3
16 11
16 14
16 15
16 19
16 21
16 22
16 29
16 42
16 43
16 50
16 54
16 58
16 59
16 63
16 68
16 72
16 84
16 91
16 94
16 98
17 1
17 7
17 14
17 15
17 23
17 26
17 30
17 36
17 37
17 43
17 46
17 49
17 56
17 61
17 62
17 69
17 76
17 78
17 82
17 85
17 89
18 0
18 14
18 20
18 25
18 26
18 27
18 28
18 32
18 41
18 43
18 45
18 46
18 48
18 50
18 57
18 67
18 70
18 78
18 80
18 89
18 92
18 93
18 95
19 4
19 7
19 14
19 24
19 25
19 29
19 31
19 32
19 41
19 45
19 49
19 54
19 60
19 65
19 72
19 73
19 79
19 82
19 94
19 99
20 1
20 2
20 4
20 8
20 11
20 20
20 27
20 32
20 33
20 38
20 39
20 40
20 46
20 53
20 55
20 59
20 61
20 73
20 89
20 92
21 2
21 5
21 12
21 22
21 25
21 29
21 30
21 33
21 37
21 44
21 60
21 65
21 66
21 67
21 68
21 83
21 86
21 87
21 89
21 98
22 14
22 16
22 24
22 30
22 40
22 47
22 49
22 70
22 71
22 73
22 75
22 82
22 87
22 90
22 93
22 98
23 10
23 14
23 17
23 23
23 28
23 30
23 35
23 37
23 40
23 42
23 44
23 48
23 49
23 50
23 56
23 58
23 64
23 65
23 67
23 70
23 73
23 74
23 76
23 92
23 93
24 3
24 5
24 11
24 12
24 15
24 28
24 34
24 36
24 38
24 40
24 45
24 56
24 59
24 60
24 63
24 65
24 68
24 70
24 73
24 74
24 75
24 82
24 83
24 84
24 86
24 88
24 91
25 3
25 8
25 9
25 11
25 14
25 26
25 28
25 34
25 39
25 40
25 51
25 53
25 61
25 76
25 77
25 83
25 84
25 90
25 96
25 98
26 3
26 8
26 11
26 12
26 20
26 24
26 30
26 32
26 34
26 37
26 39
26 46
26 47
26 59
26 61
26 62
26 69
26 71
26 72
26 74
26 75
26 79
26 81
26 83
26 88
26 92
27 1
27 3
27 11
27 19
27 22
27 25
27 34
27 37
27 45
27 52
27 62
27 70
27 76
27 93
27 94
27 95
28 2
28 3
28 8
28 10
28 12
28 15
28 29
28 32
28 48
28 58
28 61
28 65
28 67
28 80
28 87
28 89
28 93
28 98
29 0
29 2
29 4
29 6
29 7
29 20
29 23
29 36
29 38
29 42
29 72
29 82
29 83
29 85
29 86
29 88
30 4
30 13
30 18
30 22
30 26
30 28
30 29
30 32
30 49
30 50
30 57
30 60
30 65
30 67
30 72
30 85
30 89
30 93
31 5
31 7
31 12
31 14
31 39
31 45
31 50
31 55
31 67
31 75
31 80
31 83
31 86
31 91
31 98
32 13
32 17
32 22
32 23
32 32
32 41
32 48
32 49
32 58
32 60
32 63
32 82
32 84
32 87
32 93
32 95
32 98
33 2
33 20
33 24
33 33
33 37
33 38
33 53
33 64
33 78
33 79
33 80
34 7
34 12
34 18
34 35
34 42
34 43
34 44
34 51
34 59
34 62
34 63
34 64
34 78
34 86
34 93
35 4
35 7
35 10
35 12
35 26
35 29
35 32
35 39
35 70
35 79
35 80
35 84
35 89
35 90
35 92
35 95
36 1
36 3
36 11
36 12
36 42
36 44
36 47
36 55
36 67
36 70
36 74
36 85
36 91
36 99
37 5
37 10
37 19
37 22
37 26
37 27
37 29
37 30
37 35
37 43
37 48
37 50
37 60
37 61
37 74
37 76
37 78
37 79
37 83
37 88
37 89
37 90
37 95
38 2
38 5
38 9
38 11
38 12
38 25
38 30
38 40
38 45
38 46
38 48
38 50
38 61
38 63
38 64
38 70
38 75
38 76
38 80
38 88
38 90
38 94
39 0
39 3
39 4
39 5
39 6
39 11
39 12
39 14
39 20
39 22
39 25
39 28
39 30
39 40
39 51
39 57
39 69
39 74
39 81
39 83
39 90
39 92
39 95
40 3
40 6
40 7
40 9
40 10
40 17
40 27
40 28
40 33
40 35
40 38
40 44
40 46
40 59
40 62
40 73
40 74
40 82
40 83
40 88
40 89
40 99
41 2
41 9
41 10
41 11
41 16
41 21
41 29
41 30
41 54
41 60
41 65
41 67
41 72
41 75
41 79
41 89
41 96
42 9
42 13
42 15
42 48
42 52
42 55
42 62
42 63
42 64
42 73
42 74
42 94
43 9
43 15
43 16
43 28
43 29
43 31
43 32
43 36
43 38
43 39
43 45
43 55
43 57
43 61
43 64
43 66
43 71
43 77
43 80
43 84
43 91
43 96
43 99
44 1
44 2
44 4
44 6
44 14
44 18
44 23
44 29
44 31
44 36
44 40
44 41
44 42
44 45
44 47
44 49
44 51
44 59
44 60
44 66
44 71
44 75
44 78
44 79
44 83
44 84
44 86
44 95
45 1
45 9
45 16
45 19
45 20
45 24
45 25
45 28
45 31
45 35
45 42
45 48
45 50
45 51
45 57
45 59
45 61
45 64
45 71
45 72
45 82
45 92
45 93
45 97
46 0
46 1
46 2
46 5
46 8
46 20
46 21
46 27
46 32
46 34
46 50
46 53
46 61
46 62
46 63
46 66
46 71
46 80
46 89
46 90
47 0
47 4
47 11
47 37
47 43
47 45
47 47
47 52
47 55
47 56
47 81
47 85
47 87
47 98
47 99
48 3
48 14
48 16
48 18
48 19
48 22
48 24
48 29
48 31
48 36
48 41
48 42
48 43
48 44
48 54
48 55
48 59
48 64
48 65
48 68
48 77
48 78
48 82
48 83
48 84
48 93
48 94
48 99
49 4
49 8
49 11
49 21
49 28
49 31
49 39
49 45
49 47
49 58
49 66
49 73
49 86
49 94
49 99
50 1
50 2
50 14
50 17
50 29
50 39
50 43
50 52
50 58
50 62
50 72
50 81
50 85
50 86
50 87
50 88
50 89
50 91
50 96
50 98
51 22
51 27
51 41
51 50
51 55
51 61
51 63
51 66
51 67
51 75
51 84
52 0
52 6
52 13
52 15
52 19
52 29
52 31
52 33
52 34
52 35
52 41
52 46
52 47
52 52
52 58
52 62
52 63
52 70
52 72
52 74
52 79
52 80
52 81
52 91
52 93
52 96
52 97
52 98
52 99
53 4
53 8
53 9
53 13
53 16
53 22
53 26
53 34
53 38
53 39
53 44
53 48
53 58
53 69
53 72
53 74
53 75
53 77
53 78
53 80
53 85
53 99
54 3
54 9
54 10
54 11
54 18
54 31
54 39
54 40
54 42
54 48
54 49
54 50
54 69
54 76
54 80
54 87
54 94
55 4
55 6
55 8
55 12
55 13
55 15
55 18
55 20
55 23
55 25
55 28
55 35
55 39
55 47
55 50
55 52
55 53
55 55
55 58
55 62
55 67
55 70
55 75
55 77
55 80
55 88
55 92
55 93
55 95
55 98
55 99
56 0
56 1
56 2
56 7
56 11
56 12
56 16
56 17
56 26
56 32
56 36
56 43
56 55
56 56
56 58
56 66
56 72
56 75
56 78
56 86
56 87
56 91
56 93
57 5
57 7
57 13
57 14
57 16
57 27
57 30
57 31
57 37
57 38
57 41
57 52
57 64
57 67
57 75
57 76
57 82
57 85
57 93
57 94
57 97
58 4
58 8
58 20
58 22
58 23
58 30
58 40
58 46
58 55
58 67
58 69
58 75
58 76
58 82
58 83
58 91
59 10
59 23
59 26
59 28
59 33
59 37
59 47
59 53
59 55
59 57
59 60
59 71
59 79
59 80
59 85
59 88
59 95
59 98
60 9
60 19
60 20
60 22
60 23
60 24
60 25
60 30
60 40
60 42
60 47
60 62
60 64
60 70
60 74
60 78
60 79
60 83
60 84
60 88
60 89
60 90
60 91
60 92
60 93
60 94
60 97
60 98
61 0
61 3
61 6
61 17
61 21
61 25
61 32
61 43
61 48
61 49
61 56
61 64
61 73
61 74
61 84
61 93
62 4
62 15
62 25
62 26
62 40
62 46
62 54
62 57
62 67
62 71
62 78
62 84
62 87
62 94
62 95
63 3
63 16
63 18
63 21
63 24
63 31
63 35
63 37
63 39
63 43
63 44
63 45
63 54
63 55
63 58
63 61
63 66
63 70
63 80
63 85
63 86
63 92
63 96
64 0
64 3
64 4
64 8
64 10
64 14
64 15
64 28
64 29
64 34
64 39
64 51
64 58
64 63
64 70
64 80
64 83
64 85
64 86
64 92
64 93
64 96
65 8
65 9
65 11
65 16
65 19
65 23
65 25
65 26
65 27
65 33
65 38
65 46
65 48
65 51
65 54
65 56
65 60
65 66
65 75
65 93
65 94
65 97
65 99
66 8
66 12
66 13
66 15
66 18
66 22
66 24
66 25
66 28
66 33
66 35
66 38
66 55
66 58
66 59
66 61
66 69
66 71
66 75
66 77
66 89
66 90
66 92
66 93
66 99
67 0
67 4
67 12
67 25
67 30
67 35
67 36
67 39
67 42
67 47
67 48
67 51
67 52
67 54
67 77
67 78
67 80
67 86
67 87
67 90
68 4
68 6
68 7
68 11
68 12
68 15
68 17
68 18
68 22
68 25
68 29
68 43
68 46
68 49
68 50
68 51
68 52
68 54
68 59
68 66
68 71
68 87
68 89
68 94
69 3
69 4
69 6
69 9
69 22
69 26
69 27
69 35
69 39
69 47
69 51
69 52
69 58
69 62
69 63
69 65
69 68
69 75
69 79
69 85
69 86
69 92
69 96
70 0
70 12
70 20
70 28
70 29
70 32
70 38
70 41
70 43
70 53
70 54
70 66
70 71
70 81
70 83
70 91
71 1
71 4
71 5
71 12
71 17
71 20
71 28
71 32
71 35
71 41
71 43
71 56
71 57
71 63
71 70
71 71
71 91
71 95
71 96
71 99
72 2
72 6
72 13
72 19
72 27
72 30
72 31
72 32
72 34
72 42
72 45
72 54
72 57
72 59
72 62
72 74
72 77
72 79
72 80
72 84
72 87
72 88
72 92
73 1
73 10
73 14
73 24
73 27
73 31
73 38
73 41
73 42
73 45
73 49
73 52
73 56
73 59
73 60
73 63
73 64
73 68
73 71
73 73
73 74
73 79
73 85
73 87
73 88
73 96
74 7
74 8
74 10
74 16
74 20
74 25
74 29
74 36
74 46
74 48
74 52
74 54
74 59
74 61
74 68
74 69
74 82
74 83
74 84
74 93
74 96
75 1
75 10
75 39
75 43
75 52
75 59
75 71
75 80
75 83
75 87
75 89
75 90
75 96
75 97
76 7
76 9
76 12
76 13
76 14
76 15
76 16
76 18
76 20
76 28
76 29
76 37
76 42
76 46
76 51
76 55
76 57
76 59
76 63
76 66
76 70
76 77
76 78
76 81
76 89
76 90
76 91
76 93
76 94
76 95
77 4
77 13
77 25
77 41
77 53
77 62
77 63
77 73
77 81
77 82
77 85
77 86
77 89
77 91
77 96
78 3
78 5
78 6
78 8
78 12
78 13
78 18
78 19
78 23
78 29
78 39
78 40
78 53
78 56
78 70
78 72
78 77
78 82
78 97
79 2
79 15
79 22
79 28
79 29
79 31
79 46
79 48
79 58
79 64
79 69
79 71
79 73
79 74
79 78
79 87
79 88
80 4
80 8
80 9
80 15
80 27
80 35
80 42
80 53
80 56
80 68
80 70
80 72
80 73
80 78
80 79
80 84
80 86
81 14
81 20
81 21
81 29
81 31
81 32
81 34
81 41
81 46
81 65
81 67
81 69
81 78
81 81
81 93
82 1
82 3
82 16
82 21
82 25
82 27
82 29
82 35
82 36
82 39
82 42
82 47
82 51
82 53
82 56
82 59
82 63
82 64
82 67
82 70
82 78
82 79
82 83
82 89
82 93
82 95
82 98
83 1
83 6
83 8
83 9
83 12
83 24
83 25
83 28
83 32
83 33
83 41
83 52
83 53
83 57
83 73
83 82
83 84
83 86
83 87
83 95
83 96
84 2
84 5
84 6
84 12
84 16
84 25
84 26
84 30
84 33
84 40
84 53
84 55
84 58
84 65
84 66
84 67
84 71
84 76
84 78
84 80
84 84
84 85
84 86
84 91
84 95
84 97
85 0
85 1
85 2
85 4
85 10
85 12
85 18
85 26
85 29
85 32
85 34
85 37
85 40
85 44
85 46
85 48
85 54
85 56
85 67
85 71
85 76
85 91
85 99
86 0
86 1
86 2
86 5
86 9
86 12
86 14
86 15
86 20
86 22
86 35
86 40
86 43
86 47
86 53
86 56
86 58
86 62
86 65
86 66
86 76
86 81
86 82
86 84
86 88
86 98
87 0
87 1
87 8
87 15
87 18
87 33
87 37
87 44
87 53
87 55
87 57
87 60
87 65
87 86
88 0
88 4
88 5
88 8
88 11
88 13
88 14
88 17
88 19
88 21
88 22
88 25
88 28
88 30
88 32
88 35
88 45
88 46
88 49
88 50
88 57
88 59
88 60
88 69
88 79
88 84
88 90
88 91
88 95
88 96
88 97
88 98
89 1
89 4
89 5
89 11
89 18
89 26
89 32
89 44
89 54
89 55
89 62
89 67
89 71
89 73
89 74
89 86
89 95
90 4
90 7
90 22
90 26
90 33
90 47
90 56
90 58
90 61
90 65
90 66
90 68
90 70
90 72
90 77
90 81
90 92
90 93
90 95
90 99
91 11
91 12
91 13
91 19
91 20
91 22
91 27
91 28
91 41
91 60
91 62
91 64
91 72
91 74
91 89
91 90
91 91
91 92
91 95
91 97
92 2
92 11
92 18
92 25
92 28
92 35
92 39
92 42
92 54
92 61
92 71
92 72
92 84
92 94
92 96
93 0
93 3
93 4
93 16
93 19
93 20
93 23
93 25
93 30
93 60
93 68
93 75
93 83
93 87
93 89
93 94
93 96
93 98
94 0
94 1
94 2
94 4
94 11
94 20
94 22
94 34
94 36
94 39
94 40
94 43
94 49
94 50
94 52
94 53
94 56
94 59
94 64
94 66
94 73
94 86
94 87
94 88
94 93
94 94
95 4
95 8
95 19
95 20
95 26
95 35
95 38
95 43
95 44
95 46
95 49
95 52
95 66
95 76
95 90
95 93
95 94
96 1
96 2
96 5
96 7
96 9
96 13
96 16
96 17
96 24
96 36
96 40
96 42
96 46
96 51
96 56
96 57
96 61
96 64
96 73
96 91
96 98
97 15
97 16
97 22
97 23
97 24
97 27
97 30
97 36
97 38
97 39
97 60
97 82
97 91
98 0
98 9
98 15
98 27
98 36
98 38
98 50
98 56
98 60
98 63
98 69
98 75
98 79
98 82
98 89
98 95
98 96
99 9
99 10
99 18
99 26
99 27
99 32
99 33
99 37
99 43
99 48
99 70
99 75
99 78
99 80
99 84
99 85
99 88
99 91
99 92