200 200
20
0 4
0 5
0 8
0 9
0 14
0 17
0 20
0 22
0 23
0 28
0 32
0 34
0 35
0 36
0 39
0 40
0 49
0 60
0 63
0 66
0 72
0 73
0 77
0 79
0 81
0 90
0 94
0 109
0 113
0 114
0 129
0 135
0 137
0 139
0 140
0 142
0 146
0 148
0 149
0 150
0 158
0 164
0 168
0 169
0 176
0 177
0 185
0 193
1 5
1 7
1 10
1 20
1 21
1 29
1 46
1 48
1 58
1 66
1 67
1 68
1 70
1 80
1 84
1 88
1 95
1 96
1 98
1 99
1 112
1 116
1 126
1 131
1 136
1 140
1 142
1 144
1 145
1 165
1 176
1 177
1 188
1 197
2 1
2 7
2 8
2 12
2 13
2 14
2 23
2 31
2 36
2 40
2 49
2 51
2 55
2 56
2 58
2 59
2 61
2 73
2 74
2 78
2 87
2 89
2 90
2 93
2 96
2 100
2 105
2 111
2 117
2 119
2 129
2 130
2 141
2 142
2 153
2 158
2 159
2 161
2 168
2 171
2 172
2 175
2 182
2 188
2 189
2 190
2 193
2 195
2 196
2 199
3 8
3 12
3 38
3 41
3 47
3 50
3 51
3 56
3 72
3 77
3 88
3 90
3 97
3 102
3 103
3 104
3 115
3 116
3 132
3 133
3 136
3 145
3 147
3 154
3 157
3 160
3 162
3 164
3 168
3 171
3 172
3 176
3 180
3 181
3 193
4 3
4 14
4 19
4 21
4 25
4 26
4 28
4 30
4 31
4 35
4 38
4 39
4 41
4 49
4 50
4 69
4 71
4 72
4 74
4 80
4 83
4 96
4 99
4 100
4 102
4 111
4 126
4 127
4 134
4 135
4 138
4 147
4 150
4 153
4 158
4 166
4 168
4 176
4 178
4 184
4 192
4 193
4 195
4 197
5 0
5 11
5 19
5 20
5 22
5 34
5 39
5 53
5 54
5 59
5 64
5 65
5 75
5 84
5 93
5 99
5 104
5 116
5 117
5 125
5 128
5 131
5 142
5 144
5 145
5 163
5 168
6 3
6 11
6 14
6 16
6 17
6 18
6 20
6 27
6 28
6 32
6 43
6 47
6 49
6 50
6 53
6 58
6 64
6 73
6 74
6 77
6 82
6 83
6 90
6 96
6 99
6 112
6 115
6 116
6 118
6 128
6 129
6 141
6 145
6 147
6 153
6 160
6 172
6 177
6 181
6 192
7 6
7 7
7 12
7 16
7 19
7 21
7 22
7 25
7 31
7 40
7 49
7 58
7 59
7 65
7 71
7 81
7 82
7 84
7 87
7 92
7 108
7 131
7 138
7 147
7 151
7 152
7 153
7 155
7 157
7 163
7 164
7 165
7 168
7 175
8 3
8 4
8 7
8 11
8 16
8 17
8 25
8 43
8 46
8 55
8 57
8 67
8 74
8 76
8 77
8 79
8 87
8 88
8 92
8 96
8 98
8 99
8 101
8 112
8 113
8 118
8 122
8 123
8 135
8 147
8 158
8 159
8 160
8 166
8 172
8 174
8 177
8 179
8 187
8 192
8 193
8 199
9 0
9 9
9 12
9 18
9 26
9 27
9 32
9 33
9 41
9 45
9 49
9 52
9 54
9 59
9 65
9 68
9 69
9 73
9 77
9 83
9 84
9 87
9 93
9 94
9 101
9 111
9 113
9 129
9 139
9 140
9 148
9 153
9 156
9 159
9 161
9 164
9 169
9 170
9 191
9 195
10 0
10 6
10 11
10 23
10 27
10 32
10 33
10 41
10 50
10 51
10 52
10 59
10 60
10 68
10 72
10 77
10 80
10 88
10 93
10 94
10 96
10 98
10 99
10 102
10 104
10 107
10 121
10 122
10 126
10 127
10 129
10 139
10 155
10 161
10 167
10 168
10 178
10 190
10 193
10 194
11 2
11 5
11 16
11 20
11 30
11 35
11 36
11 37
11 39
11 44
11 55
11 63
11 67
11 69
11 73
11 78
11 80
11 83
11 84
11 90
11 97
11 99
11 101
11 103
11 107
11 125
11 128
11 131
11 135
11 136
11 138
11 146
11 147
11 157
11 163
11 164
11 165
11 182
11 186
11 193
11 199
12 1
12 4
12 10
12 11
12 14
12 21
12 23
12 24
12 25
12 30
12 40
12 54
12 55
12 64
12 65
12 70
12 72
12 74
12 76
12 83
12 85
12 88
12 89
12 93
12 95
12 100
12 102
12 104
12 121
12 122
12 123
12 130
12 132
12 136
12 138
12 141
12 142
12 144
12 146
12 149
12 156
12 161
12 173
12 183
12 185
12 186
12 190
12 194
12 198
13 2
13 3
13 14
13 16
13 28
13 34
13 39
13 43
13 44
13 52
13 54
13 57
13 58
13 60
13 76
13 77
13 84
13 85
13 87
13 88
13 89
13 99
13 111
13 116
13 117
13 123
13 124
13 127
13 136
13 137
13 148
13 152
13 155
13 159
13 167
13 176
13 177
13 181
13 192
13 194
13 195
13 198
14 4
14 7
14 18
14 23
14 24
14 26
14 28
14 33
14 35
14 40
14 52
14 55
14 57
14 62
14 64
14 66
14 68
14 86
14 93
14 94
14 98
14 99
14 109
14 115
14 125
14 127
14 131
14 142
14 145
14 146
14 148
14 150
14 152
14 171
14 172
14 173
14 175
14 177
14 181
14 183
14 184
14 189
15 7
15 10
15 11
15 14
15 21
15 22
15 23
15 29
15 39
15 46
15 50
15 51
15 53
15 55
15 56
15 57
15 58
15 75
15 80
15 93
15 102
15 116
15 123
15 126
15 127
15 132
15 137
15 138
15 145
15 149
15 150
15 159
15 162
15 164
15 165
15 171
15 173
15 174
15 176
15 184
15 186
15 190
15 194
15 196
16 4
16 6
16 14
16 20
16 23
16 26
16 69
16 83
16 86
16 88
16 92
16 94
16 109
16 122
16 125
16 126
16 132
16 145
16 146
16 147
16 152
16 153
16 155
16 161
16 163
16 166
16 168
16 169
16 172
16 173
16 199
17 0
17 1
17 2
17 4
17 14
17 15
17 20
17 21
17 24
17 26
17 27
17 29
17 32
17 35
17 37
17 39
17 41
17 47
17 55
17 56
17 58
17 63
17 65
17 70
17 75
17 80
17 83
17 86
17 92
17 107
17 111
17 119
17 131
17 135
17 142
17 145
17 147
17 164
17 166
17 169
17 173
17 178
17 186
17 189
17 190
18 6
18 25
18 30
18 31
18 41
18 43
18 45
18 49
18 53
18 54
18 57
18 58
18 63
18 67
18 72
18 84
18 87
18 89
18 90
18 92
18 93
18 98
18 101
18 103
18 105
18 107
18 113
18 116
18 117
18 124
18 127
18 131
18 134
18 136
18 147
18 153
18 155
18 156
18 160
18 165
18 169
18 180
18 182
18 189
18 191
18 192
18 197
18 198
19 3
19 12
19 17
19 18
19 19
19 22
19 24
19 28
19 29
19 30
19 33
19 34
19 39
19 47
19 49
19 50
19 66
19 67
19 77
19 96
19 97
19 98
19 107
19 108
19 111
19 112
19 114
19 121
19 124
19 125
19 139
19 145
19 148
19 149
19 152
19 153
19 158
19 165
19 178
19 179
19 181
19 182
19 187
19 195
19 197
20 0
20 8
20 9
20 13
20 15
20 17
20 23
20 26
20 27
20 29
20 30
20 31
20 34
20 36
20 42
20 53
20 54
20 55
20 59
20 61
20 62
20 63
20 65
20 72
20 75
20 86
20 88
20 90
20 102
20 104
20 110
20 111
20 116
20 139
20 150
20 157
20 159
20 165
20 168
20 169
20 171
20 178
20 179
20 182
20 183
20 194
20 195
20 199
21 3
21 12
21 13
21 16
21 19
21 25
21 26
21 27
21 30
21 33
21 36
21 44
21 47
21 48
21 52
21 53
21 55
21 67
21 68
21 75
21 78
21 80
21 87
21 91
21 98
21 100
21 104
21 105
21 110
21 125
21 129
21 137
21 138
21 147
21 148
21 151
21 155
21 160
21 162
21 166
21 183
21 184
21 197
22 6
22 13
22 31
22 32
22 36
22 41
22 44
22 51
22 53
22 64
22 71
22 72
22 75
22 79
22 84
22 93
22 94
22 95
22 98
22 100
22 112
22 117
22 120
22 121
22 125
22 126
22 130
22 133
22 146
22 148
22 155
22 156
22 158
22 161
22 162
22 169
22 174
22 194
22 196
22 198
22 199
23 4
23 20
23 23
23 24
23 27
23 29
23 38
23 39
23 52
23 53
23 68
23 70
23 78
23 82
23 88
23 91
23 93
23 94
23 95
23 101
23 110
23 112
23 116
23 119
23 121
23 128
23 138
23 140
23 145
23 149
23 150
23 155
23 160
23 161
23 164
23 177
23 181
23 182
23 186
23 190
24 3
24 12
24 15
24 21
24 32
24 34
24 38
24 42
24 43
24 47
24 48
24 49
24 55
24 66
24 76
24 89
24 93
24 95
24 117
24 128
24 130
24 149
24 153
24 158
24 165
24 170
24 177
24 184
24 185
24 190
24 193
24 195
24 198
25 1
25 4
25 5
25 6
25 8
25 27
25 32
25 34
25 36
25 47
25 48
25 57
25 59
25 61
25 66
25 71
25 74
25 82
25 83
25 89
25 93
25 97
25 107
25 121
25 128
25 130
25 144
25 152
25 157
25 173
25 179
25 180
25 183
25 193
26 3
26 7
26 11
26 15
26 16
26 19
26 40
26 46
26 54
26 55
26 63
26 64
26 82
26 84
26 89
26 92
26 104
26 114
26 119
26 120
26 122
26 125
26 133
26 136
26 140
26 142
26 145
26 146
26 148
26 150
26 159
26 168
26 170
26 173
26 174
26 189
26 190
26 193
26 195
26 198
27 1
27 2
27 6
27 8
27 9
27 10
27 18
27 23
27 26
27 32
27 37
27 41
27 50
27 52
27 53
27 55
27 57
27 96
27 99
27 100
27 101
27 109
27 117
27 128
27 136
27 142
27 143
27 145
27 151
27 154
27 157
27 161
27 170
27 174
27 176
27 180
27 184
27 188
27 194
27 195
27 199
28 0
28 4
28 9
28 11
28 14
28 17
28 19
28 21
28 24
28 25
28 27
28 28
28 38
28 43
28 53
28 56
28 59
28 65
28 66
28 67
28 82
28 83
28 85
28 86
28 89
28 94
28 98
28 100
28 108
28 113
28 115
28 116
28 135
28 144
28 149
28 151
28 159
28 164
28 168
28 172
28 175
28 179
28 186
28 199
29 0
29 6
29 8
29 10
29 12
29 15
29 21
29 26
29 41
29 42
29 45
29 48
29 52
29 55
29 59
29 61
29 62
29 87
29 93
29 97
29 99
29 108
29 109
29 112
29 115
29 127
29 143
29 145
29 149
29 157
29 159
29 160
29 165
29 168
29 169
29 174
29 182
29 183
29 187
29 188
29 191
30 1
30 2
30 4
30 10
30 22
30 26
30 41
30 43
30 50
30 52
30 66
30 78
30 82
30 84
30 87
30 88
30 94
30 103
30 108
30 111
30 113
30 122
30 127
30 140
30 141
30 145
30 153
30 162
30 164
30 166
30 168
30 170
30 172
30 175
30 181
30 183
31 1
31 3
31 4
31 5
31 7
31 9
31 10
31 11
31 14
31 15
31 23
31 26
31 27
31 33
31 35
31 40
31 42
31 47
31 50
31 53
31 58
31 61
31 64
31 84
31 87
31 95
31 100
31 103
31 117
31 121
31 122
31 123
31 127
31 135
31 139
31 149
31 158
31 160
31 162
31 163
31 164
31 169
31 171
31 174
31 176
31 181
31 193
31 195
31 196
31 197
31 198
31 199
32 0
32 1
32 12
32 16
32 22
32 23
32 26
32 28
32 30
32 31
32 39
32 40
32 43
32 44
32 45
32 50
32 52
32 58
32 60
32 63
32 64
32 65
32 88
32 96
32 103
32 107
32 108
32 110
32 113
32 114
32 124
32 136
32 137
32 138
32 139
32 154
32 166
32 176
32 178
32 180
32 183
32 185
32 187
32 190
32 197
33 3
33 8
33 23
33 31
33 33
33 34
33 38
33 41
33 47
33 51
33 52
33 54
33 55
33 56
33 61
33 78
33 79
33 84
33 88
33 94
33 96
33 107
33 110
33 111
33 113
33 125
33 126
33 130
33 131
33 133
33 134
33 139
33 141
33 151
33 154
33 159
33 160
33 162
33 164
33 165
33 168
33 173
33 186
33 187
33 195
34 1
34 4
34 6
34 7
34 10
34 12
34 21
34 24
34 27
34 30
34 41
34 43
34 52
34 63
34 68
34 70
34 72
34 73
34 78
34 105
34 107
34 110
34 112
34 117
34 119
34 125
34 134
34 135
34 137
34 139
34 155
34 157
34 162
34 164
34 165
34 180
34 185
34 187
34 189
34 192
34 196
34 197
35 2
35 12
35 14
35 16
35 18
35 19
35 20
35 23
35 24
35 25
35 40
35 58
35 59
35 66
35 79
35 92
35 93
35 96
35 98
35 100
35 105
35 114
35 118
35 125
35 126
35 128
35 136
35 140
35 146
35 151
35 152
35 157
35 159
35 161
35 175
35 176
35 182
35 183
35 185
35 198
35 199
36 3
36 15
36 24
36 28
36 30
36 32
36 34
36 44
36 46
36 48
36 50
36 66
36 75
36 81
36 86
36 88
36 90
36 94
36 99
36 102
36 105
36 124
36 135
36 143
36 144
36 147
36 149
36 152
36 159
36 172
36 175
36 176
36 178
36 180
36 183
36 185
36 187
36 192
36 194
37 1
37 3
37 4
37 6
37 8
37 11
37 12
37 17
37 21
37 25
37 26
37 36
37 38
37 45
37 47
37 60
37 64
37 68
37 71
37 77
37 87
37 88
37 91
37 92
37 103
37 113
37 115
37 124
37 126
37 130
37 132
37 135
37 137
37 141
37 143
37 147
37 154
37 160
37 162
37 163
37 166
37 169
37 182
37 198
37 199
38 3
38 5
38 8
38 26
38 28
38 30
38 33
38 37
38 53
38 58
38 68
38 73
38 78
38 84
38 85
38 88
38 93
38 109
38 110
38 111
38 112
38 116
38 119
38 121
38 123
38 126
38 134
38 156
38 157
38 158
38 159
38 163
38 177
38 184
38 187
38 195
39 5
39 10
39 16
39 17
39 20
39 22
39 23
39 25
39 29
39 30
39 32
39 35
39 36
39 42
39 46
39 57
39 69
39 73
39 76
39 82
39 86
39 96
39 97
39 107
39 109
39 112
39 114
39 120
39 124
39 126
39 128
39 129
39 131
39 135
39 139
39 144
39 148
39 156
39 180
39 181
39 183
39 184
39 192
40 1
40 7
40 12
40 25
40 27
40 31
40 33
40 34
40 38
40 40
40 41
40 46
40 47
40 48
40 59
40 64
40 76
40 85
40 86
40 93
40 106
40 113
40 114
40 123
40 126
40 132
40 133
40 143
40 158
40 167
40 169
40 183
40 184
40 190
40 194
40 196
41 7
41 11
41 15
41 21
41 22
41 24
41 30
41 41
41 44
41 45
41 50
41 52
41 62
41 65
41 72
41 73
41 75
41 77
41 100
41 104
41 106
41 109
41 111
41 112
41 114
41 121
41 122
41 124
41 126
41 128
41 132
41 133
41 134
41 136
41 142
41 143
41 144
41 148
41 151
41 158
41 159
41 162
41 173
41 176
41 179
41 181
41 185
41 188
41 195
41 196
42 1
42 10
42 14
42 21
42 22
42 23
42 26
42 29
42 36
42 39
42 47
42 48
42 55
42 65
42 77
42 88
42 90
42 102
42 109
42 128
42 132
42 135
42 145
42 146
42 153
42 155
42 160
42 163
42 182
42 188
42 190
42 193
42 195
43 1
43 2
43 3
43 7
43 11
43 15
43 20
43 23
43 27
43 29
43 32
43 42
43 44
43 52
43 53
43 57
43 61
43 65
43 75
43 77
43 80
43 83
43 96
43 98
43 100
43 101
43 106
43 126
43 132
43 133
43 134
43 136
43 148
43 151
43 153
43 161
43 168
43 176
43 178
43 187
44 0
44 2
44 6
44 13
44 19
44 21
44 23
44 26
44 28
44 31
44 32
44 36
44 48
44 54
44 57
44 60
44 62
44 70
44 86
44 87
44 88
44 92
44 108
44 112
44 113
44 116
44 117
44 120
44 126
44 136
44 142
44 144
44 145
44 159
44 160
44 172
44 175
44 179
44 184
44 187
45 6
45 14
45 15
45 17
45 21
45 26
45 30
45 32
45 38
45 41
45 46
45 56
45 61
45 68
45 72
45 75
45 76
45 87
45 88
45 91
45 93
45 95
45 99
45 103
45 105
45 107
45 108
45 109
45 112
45 115
45 118
45 137
45 142
45 150
45 152
45 155
45 158
45 162
45 163
45 164
45 165
45 167
45 173
45 183
45 191
45 192
45 197
46 1
46 2
46 20
46 21
46 24
46 27
46 28
46 29
46 31
46 32
46 38
46 46
46 48
46 61
46 74
46 78
46 81
46 84
46 85
46 89
46 129
46 132
46 133
46 138
46 145
46 158
46 159
46 161
46 163
46 168
46 170
46 174
46 178
46 179
46 181
46 182
46 186
46 187
46 190
46 195
47 1
47 7
47 21
47 28
47 33
47 35
47 37
47 38
47 39
47 46
47 50
47 55
47 64
47 71
47 73
47 74
47 75
47 77
47 79
47 81
47 84
47 88
47 90
47 95
47 97
47 100
47 101
47 118
47 123
47 128
47 130
47 132
47 135
47 139
47 146
47 149
47 150
47 152
47 153
47 157
47 160
47 163
47 165
47 170
47 184
47 189
48 1
48 5
48 10
48 16
48 20
48 26
48 33
48 38
48 40
48 42
48 45
48 49
48 57
48 65
48 69
48 71
48 72
48 76
48 82
48 83
48 100
48 103
48 104
48 109
48 113
48 115
48 117
48 126
48 130
48 131
48 132
48 133
48 140
48 141
48 142
48 143
48 145
48 158
48 163
48 166
48 167
48 172
48 177
48 178
48 181
48 187
48 193
49 6
49 10
49 16
49 18
49 19
49 20
49 24
49 27
49 31
49 32
49 33
49 35
49 38
49 40
49 41
49 47
49 58
49 68
49 70
49 75
49 88
49 95
49 96
49 99
49 102
49 107
49 109
49 112
49 115
49 116
49 120
49 121
49 134
49 135
49 138
49 139
49 141
49 142
49 152
49 161
49 166
49 170
49 178
49 180
49 182
50 7
50 18
50 20
50 21
50 22
50 26
50 37
50 40
50 41
50 48
50 52
50 56
50 60
50 63
50 64
50 80
50 96
50 103
50 107
50 109
50 115
50 117
50 121
50 130
50 139
50 141
50 154
50 155
50 165
50 174
50 177
50 180
50 187
50 198
51 5
51 7
51 10
51 12
51 19
51 25
51 26
51 28
51 35
51 36
51 39
51 40
51 49
51 60
51 67
51 69
51 73
51 75
51 77
51 80
51 91
51 97
51 100
51 104
51 111
51 115
51 121
51 129
51 141
51 144
51 154
51 155
51 165
51 172
51 177
51 179
51 186
51 196
51 198
51 199
52 2
52 3
52 5
52 6
52 11
52 16
52 19
52 22
52 25
52 36
52 37
52 42
52 43
52 45
52 53
52 57
52 58
52 76
52 79
52 81
52 82
52 86
52 88
52 96
52 98
52 108
52 116
52 122
52 125
52 128
52 132
52 133
52 135
52 136
52 139
52 142
52 149
52 167
52 182
52 184
52 186
53 0
53 2
53 12
53 19
53 24
53 27
53 49
53 53
53 64
53 68
53 75
53 78
53 80
53 83
53 95
53 101
53 104
53 111
53 112
53 113
53 129
53 135
53 138
53 154
53 156
53 161
53 165
53 176
53 177
53 179
53 186
53 192
53 193
54 2
54 4
54 6
54 8
54 17
54 22
54 23
54 28
54 36
54 40
54 42
54 45
54 51
54 60
54 63
54 68
54 72
54 88
54 89
54 94
54 98
54 99
54 100
54 110
54 114
54 116
54 120
54 125
54 126
54 127
54 155
54 156
54 159
54 161
54 167
54 176
54 185
54 190
54 191
55 3
55 5
55 13
55 14
55 16
55 21
55 25
55 33
55 44
55 52
55 53
55 59
55 68
55 77
55 94
55 99
55 108
55 119
55 126
55 131
55 140
55 141
55 144
55 148
55 149
55 154
55 159
55 175
55 176
55 181
56 1
56 4
56 5
56 9
56 15
56 20
56 21
56 22
56 24
56 25
56 28
56 31
56 32
56 37
56 38
56 50
56 60
56 65
56 67
56 74
56 75
56 78
56 81
56 83
56 87
56 91
56 96
56 98
56 103
56 104
56 108
56 113
56 124
56 130
56 136
56 146
56 154
56 157
56 160
56 168
56 189
56 194
57 0
57 1
57 7
57 26
57 27
57 32
57 37
57 40
57 47
57 59
57 64
57 76
57 78
57 80
57 86
57 91
57 97
57 110
57 118
57 140
57 142
57 152
57 153
57 154
57 158
57 159
57 164
57 170
57 176
57 184
57 193
58 0
58 4
58 17
58 19
58 22
58 28
58 38
58 44
58 58
58 67
58 70
58 72
58 75
58 83
58 96
58 114
58 121
58 125
58 128
58 136
58 146
58 148
58 152
58 166
58 167
58 169
58 174
58 175
58 177
58 183
58 187
58 192
58 196
59 1
59 2
59 5
59 9
59 13
59 14
59 17
59 20
59 21
59 22
59 23
59 25
59 34
59 37
59 40
59 41
59 45
59 48
59 58
59 61
59 73
59 74
59 77
59 79
59 85
59 91
59 94
59 102
59 103
59 109
59 112
59 114
59 115
59 121
59 123
59 124
59 131
59 136
59 137
59 138
59 141
59 143
59 144
59 145
59 146
59 147
59 148
59 150
59 156
59 158
59 163
59 165
59 166
59 172
59 174
59 184
59 185
59 187
59 188
60 1
60 2
60 3
60 5
60 6
60 8
60 9
60 23
60 33
60 34
60 35
60 40
60 47
60 48
60 56
60 63
60 79
60 82
60 85
60 91
60 97
60 99
60 117
60 120
60 121
60 122
60 123
60 135
60 139
60 142
60 145
60 148
60 150
60 158
60 162
60 169
60 172
60 176
60 179
60 183
60 188
60 192
60 194
61 4
61 6
61 7
61 12
61 13
61 15
61 19
61 21
61 22
61 25
61 29
61 36
61 39
61 49
61 58
61 69
61 71
61 72
61 74
61 75
61 80
61 85
61 89
61 94
61 95
61 100
61 104
61 108
61 110
61 115
61 119
61 120
61 128
61 130
61 135
61 140
61 143
61 145
61 147
61 149
61 152
61 153
61 165
61 167
61 171
61 187
61 195
62 23
62 24
62 32
62 34
62 35
62 40
62 59
62 62
62 67
62 69
62 78
62 80
62 81
62 86
62 91
62 93
62 94
62 98
62 105
62 137
62 147
62 153
62 155
62 157
62 160
62 162
62 165
62 173
62 174
62 177
62 189
62 196
63 2
63 11
63 28
63 29
63 45
63 47
63 49
63 50
63 53
63 56
63 72
63 77
63 79
63 80
63 92
63 111
63 125
63 128
63 132
63 147
63 152
63 154
63 155
63 157
63 159
63 161
63 163
63 167
63 174
63 181
63 190
63 196
63 199
64 19
64 25
64 28
64 29
64 39
64 46
64 53
64 55
64 57
64 58
64 60
64 63
64 67
64 71
64 76
64 80
64 82
64 83
64 88
64 91
64 93
64 98
64 110
64 111
64 114
64 116
64 125
64 127
64 129
64 139
64 140
64 141
64 150
64 151
64 152
64 153
64 156
64 163
64 165
64 181
64 183
64 185
64 186
64 194
64 195
64 198
65 2
65 9
65 12
65 17
65 18
65 25
65 37
65 40
65 44
65 52
65 56
65 61
65 63
65 64
65 80
65 83
65 85
65 92
65 95
65 100
65 108
65 110
65 113
65 115
65 120
65 122
65 130
65 133
65 144
65 145
65 146
65 147
65 150
65 155
65 157
65 159
65 161
65 166
65 168
65 171
65 175
65 181
65 186
65 187
65 191
65 197
66 2
66 7
66 8
66 9
66 28
66 37
66 43
66 48
66 49
66 56
66 57
66 85
66 90
66 92
66 93
66 97
66 102
66 110
66 118
66 120
66 126
66 133
66 140
66 145
66 152
66 155
66 159
66 162
66 166
66 167
66 168
66 171
66 173
66 175
66 176
66 192
67 0
67 8
67 10
67 13
67 14
67 15
67 29
67 33
67 37
67 44
67 49
67 66
67 67
67 71
67 72
67 77
67 78
67 82
67 84
67 91
67 92
67 93
67 105
67 106
67 110
67 114
67 117
67 122
67 129
67 134
67 138
67 145
67 146
67 147
67 148
67 149
67 150
67 156
67 157
67 168
67 179
67 181
67 187
67 191
67 196
67 198
68 0
68 4
68 15
68 22
68 25
68 32
68 40
68 44
68 47
68 49
68 57
68 58
68 61
68 63
68 69
68 96
68 98
68 106
68 108
68 115
68 118
68 119
68 130
68 133
68 142
68 143
68 147
68 149
68 150
68 152
68 153
68 156
68 170
68 174
68 177
68 179
68 187
68 191
68 198
68 199
69 3
69 16
69 18
69 22
69 36
69 41
69 42
69 49
69 51
69 58
69 59
69 65
69 70
69 72
69 73
69 77
69 85
69 86
69 95
69 101
69 106
69 109
69 117
69 121
69 128
69 138
69 139
69 150
69 163
69 171
69 178
69 183
69 189
69 195
70 5
70 13
70 18
70 21
70 33
70 58
70 61
70 64
70 66
70 72
70 73
70 80
70 92
70 94
70 97
70 106
70 108
70 124
70 127
70 138
70 144
70 150
70 163
70 167
70 181
70 182
70 186
70 187
70 195
70 196
70 197
71 0
71 4
71 11
71 16
71 17
71 18
71 25
71 29
71 37
71 43
71 47
71 58
71 60
71 62
71 68
71 74
71 80
71 86
71 87
71 89
71 92
71 93
71 105
71 109
71 117
71 124
71 127
71 145
71 154
71 170
71 174
71 179
71 180
71 181
71 185
71 188
71 193
71 195
72 2
72 5
72 7
72 32
72 33
72 39
72 43
72 46
72 47
72 51
72 54
72 59
72 61
72 72
72 75
72 81
72 106
72 110
72 121
72 124
72 125
72 129
72 131
72 132
72 137
72 143
72 147
72 151
72 156
72 159
72 160
72 167
72 169
72 175
72 177
72 184
72 188
72 189
72 192
72 193
72 198
73 0
73 1
73 4
73 7
73 13
73 15
73 19
73 20
73 28
73 32
73 37
73 49
73 51
73 58
73 64
73 70
73 71
73 73
73 74
73 87
73 92
73 94
73 97
73 99
73 103
73 106
73 109
73 114
73 123
73 136
73 141
73 143
73 150
73 152
73 155
73 157
73 164
73 172
73 187
73 189
73 191
73 194
73 196
73 197
73 198
74 4
74 16
74 24
74 28
74 47
74 48
74 51
74 57
74 67
74 77
74 93
74 97
74 105
74 111
74 112
74 114
74 118
74 123
74 129
74 132
74 133
74 142
74 148
74 149
74 156
74 165
74 166
74 168
74 175
74 179
74 183
74 190
75 3
75 4
75 7
75 14
75 19
75 24
75 28
75 30
75 31
75 37
75 39
75 40
75 41
75 46
75 50
75 51
75 57
75 61
75 62
75 63
75 71
75 72
75 78
75 92
75 93
75 95
75 102
75 108
75 109
75 110
75 111
75 117
75 136
75 137
75 141
75 142
75 143
75 146
75 149
75 152
75 157
75 159
75 160
75 161
75 190
75 196
75 197
75 198
76 1
76 4
76 23
76 41
76 42
76 62
76 73
76 74
76 76
76 90
76 91
76 107
76 109
76 121
76 122
76 132
76 140
76 142
76 148
76 150
76 157
76 159
76 160
76 162
76 163
76 164
76 171
76 176
76 183
76 186
76 199
77 6
77 12
77 13
77 14
77 15
77 20
77 22
77 24
77 27
77 32
77 39
77 58
77 64
77 68
77 69
77 70
77 76
77 77
77 88
77 93
77 95
77 100
77 105
77 110
77 111
77 112
77 116
77 120
77 136
77 139
77 141
77 142
77 162
77 166
77 167
77 169
77 178
77 180
77 183
77 192
77 199
78 2
78 3
78 12
78 13
78 16
78 18
78 23
78 30
78 40
78 41
78 44
78 49
78 54
78 56
78 66
78 70
78 73
78 75
78 77
78 80
78 81
78 84
78 85
78 91
78 98
78 103
78 104
78 113
78 116
78 117
78 129
78 132
78 133
78 147
78 157
78 159
78 162
78 165
78 168
78 169
78 171
78 175
78 179
78 185
78 188
78 193
78 197
78 198
79 6
79 17
79 26
79 28
79 36
79 37
79 40
79 47
79 50
79 53
79 54
79 56
79 61
79 65
79 71
79 72
79 76
79 95
79 96
79 102
79 112
79 120
79 122
79 126
79 132
79 141
79 147
79 148
79 151
79 158
79 163
79 167
79 172
79 177
79 183
79 186
79 189
79 198
80 1
80 2
80 7
80 19
80 20
80 27
80 29
80 34
80 37
80 40
80 45
80 64
80 65
80 77
80 83
80 84
80 86
80 87
80 93
80 95
80 97
80 101
80 131
80 138
80 139
80 148
80 164
80 165
80 170
80 174
80 176
80 179
80 181
80 182
80 185
80 190
80 191
80 192
80 193
80 196
81 4
81 6
81 14
81 22
81 28
81 31
81 33
81 44
81 48
81 52
81 56
81 66
81 70
81 72
81 74
81 75
81 77
81 81
81 82
81 85
81 109
81 115
81 118
81 124
81 128
81 131
81 133
81 138
81 145
81 149
81 151
81 179
81 183
81 185
81 188
82 1
82 2
82 3
82 4
82 10
82 12
82 18
82 21
82 22
82 33
82 48
82 52
82 55
82 57
82 61
82 79
82 83
82 84
82 93
82 98
82 104
82 107
82 109
82 111
82 117
82 126
82 132
82 138
82 141
82 156
82 157
82 164
82 177
82 193
82 194
82 196
83 3
83 5
83 11
83 14
83 17
83 20
83 22
83 26
83 36
83 38
83 39
83 41
83 44
83 45
83 51
83 52
83 53
83 55
83 60
83 63
83 64
83 65
83 71
83 77
83 78
83 80
83 81
83 88
83 91
83 95
83 101
83 102
83 103
83 104
83 109
83 116
83 117
83 135
83 137
83 141
83 154
83 158
83 167
83 169
83 171
83 182
83 187
83 188
83 190
83 195
84 21
84 25
84 30
84 31
84 34
84 38
84 40
84 49
84 50
84 51
84 52
84 58
84 60
84 64
84 69
84 71
84 73
84 76
84 80
84 105
84 106
84 114
84 130
84 133
84 137
84 144
84 146
84 153
84 156
84 158
84 169
84 172
84 177
84 180
84 186
84 187
84 193
84 197
84 198
85 6
85 8
85 9
85 14
85 17
85 20
85 24
85 28
85 29
85 32
85 43
85 46
85 51
85 53
85 63
85 69
85 71
85 72
85 75
85 81
85 83
85 85
85 92
85 95
85 97
85 103
85 105
85 109
85 113
85 115
85 125
85 129
85 131
85 132
85 133
85 139
85 141
85 143
85 148
85 155
85 156
85 161
85 169
85 175
85 182
85 183
85 186
85 188
85 197
85 198
86 5
86 7
86 8
86 40
86 41
86 45
86 53
86 61
86 62
86 65
86 67
86 69
86 72
86 99
86 101
86 102
86 107
86 112
86 114
86 132
86 137
86 142
86 143
86 146
86 153
86 154
86 168
86 175
86 177
86 181
86 184
86 186
86 188
86 190
86 191
86 193
87 3
87 4
87 5
87 20
87 28
87 36
87 40
87 47
87 53
87 55
87 57
87 59
87 73
87 74
87 75
87 83
87 96
87 99
87 103
87 105
87 111
87 112
87 113
87 114
87 115
87 116
87 123
87 126
87 136
87 138
87 141
87 149
87 150
87 157
87 161
87 164
87 165
87 168
87 172
87 175
87 177
87 182
87 191
87 192
88 4
88 7
88 22
88 23
88 33
88 42
88 56
88 58
88 59
88 60
88 61
88 62
88 64
88 72
88 74
88 75
88 90
88 101
88 104
88 112
88 122
88 123
88 128
88 129
88 130
88 136
88 143
88 147
88 154
88 155
88 164
88 171
88 176
88 178
88 179
88 184
88 195
89 18
89 19
89 24
89 43
89 50
89 57
89 62
89 66
89 76
89 78
89 79
89 81
89 84
89 91
89 92
89 102
89 103
89 104
89 112
89 114
89 121
89 122
89 129
89 130
89 137
89 140
89 146
89 150
89 151
89 154
89 155
89 157
89 169
89 175
89 179
89 182
89 183
89 187
89 190
90 6
90 9
90 28
90 39
90 45
90 48
90 52
90 53
90 56
90 57
90 59
90 75
90 78
90 84
90 86
90 89
90 92
90 94
90 103
90 106
90 110
90 113
90 115
90 131
90 133
90 134
90 144
90 145
90 151
90 158
90 166
90 171
90 172
90 173
90 174
90 176
90 177
90 180
90 182
90 183
90 193
90 195
90 197
91 17
91 18
91 21
91 25
91 33
91 37
91 38
91 40
91 54
91 55
91 66
91 68
91 71
91 75
91 78
91 93
91 100
91 102
91 106
91 124
91 126
91 132
91 135
91 139
91 140
91 147
91 150
91 159
91 160
91 161
91 163
91 164
91 180
91 182
91 183
91 189
91 192
91 194
91 198
92 2
92 3
92 12
92 16
92 18
92 21
92 32
92 38
92 48
92 51
92 59
92 60
92 65
92 76
92 81
92 82
92 87
92 98
92 101
92 109
92 111
92 121
92 123
92 129
92 133
92 138
92 143
92 147
92 150
92 151
92 155
92 157
92 158
92 163
92 184
92 190
92 199
93 0
93 1
93 2
93 10
93 12
93 15
93 16
93 17
93 19
93 21
93 26
93 28
93 38
93 40
93 41
93 42
93 48
93 50
93 53
93 59
93 60
93 66
93 69
93 72
93 76
93 84
93 85
93 92
93 97
93 103
93 105
93 109
93 112
93 115
93 129
93 130
93 131
93 139
93 141
93 142
93 144
93 145
93 153
93 154
93 156
93 157
93 160
93 162
93 170
93 174
94 1
94 4
94 6
94 9
94 12
94 13
94 14
94 16
94 27
94 31
94 38
94 41
94 50
94 61
94 67
94 70
94 72
94 73
94 76
94 86
94 87
94 88
94 95
94 101
94 104
94 110
94 112
94 118
94 121
94 126
94 128
94 137
94 140
94 145
94 156
94 177
94 187
94 188
94 192
94 195
94 197
94 199
95 0
95 1
95 5
95 6
95 8
95 14
95 16
95 22
95 25
95 29
95 30
95 32
95 34
95 36
95 40
95 48
95 51
95 53
95 63
95 73
95 75
95 79
95 91
95 102
95 113
95 126
95 128
95 133
95 136
95 141
95 149
95 155
95 159
95 162
95 165
95 174
95 185
96 1
96 2
96 4
96 9
96 10
96 12
96 15
96 19
96 26
96 28
96 29
96 34
96 43
96 48
96 53
96 60
96 66
96 69
96 72
96 78
96 82
96 84
96 97
96 109
96 118
96 125
96 141
96 149
96 157
96 167
96 173
96 174
96 178
96 185
96 186
96 190
96 192
97 0
97 2
97 4
97 8
97 11
97 16
97 19
97 27
97 29
97 30
97 32
97 36
97 41
97 49
97 53
97 54
97 57
97 67
97 69
97 76
97 84
97 93
97 95
97 96
97 99
97 107
97 111
97 117
97 118
97 123
97 126
97 127
97 145
97 148
97 156
97 158
97 164
97 166
97 170
97 171
97 179
97 183
97 185
97 188
97 189
97 194
98 4
98 6
98 8
98 10
98 17
98 26
98 27
98 28
98 30
98 34
98 35
98 42
98 44
98 49
98 60
98 61
98 62
98 65
98 68
98 69
98 76
98 83
98 84
98 89
98 95
98 97
98 99
98 101
98 106
98 112
98 123
98 127
98 134
98 138
98 140
98 145
98 153
98 157
98 158
98 161
98 163
98 166
98 182
98 185
98 196
98 198
99 5
99 6
99 7
99 15
99 27
99 35
99 42
99 43
99 45
99 51
99 58
99 60
99 69
99 80
99 91
99 93
99 110
99 115
99 116
99 127
99 132
99 135
99 138
99 149
99 151
99 155
99 159
99 160
99 161
99 164
99 165
99 168
99 172
99 176
99 178
99 180
99 183
99 192
100 0
100 1
100 15
100 20
100 26
100 28
100 30
100 35
100 36
100 38
100 39
100 40
100 42
100 47
100 55
100 62
100 65
100 67
100 77
100 79
100 80
100 89
100 92
100 97
100 98
100 102
100 103
100 104
100 105
100 112
100 121
100 122
100 126
100 127
100 135
100 144
100 153
100 154
100 159
100 163
100 164
100 165
100 171
100 182
100 184
100 189
100 190
100 196
100 197
101 1
101 5
101 7
101 8
101 10
101 20
101 22
101 29
101 30
101 31
101 43
101 46
101 49
101 52
101 56
101 58
101 63
101 64
101 65
101 72
101 89
101 104
101 115
101 138
101 143
101 147
101 153
101 155
101 163
101 164
101 180
101 181
101 187
101 188
102 11
102 16
102 21
102 22
102 26
102 31
102 37
102 46
102 50
102 58
102 59
102 67
102 74
102 80
102 84
102 90
102 93
102 94
102 99
102 102
102 107
102 117
102 121
102 127
102 129
102 136
102 146
102 157
102 158
102 159
102 160
102 163
102 169
102 178
102 185
102 190
102 192
103 10
103 11
103 20
103 48
103 59
103 63
103 76
103 87
103 88
103 89
103 96
103 99
103 112
103 122
103 123
103 136
103 148
103 154
103 158
103 162
103 171
103 175
103 177
103 178
103 182
103 188
103 191
103 192
103 199
104 5
104 16
104 19
104 22
104 32
104 34
104 40
104 46
104 57
104 63
104 66
104 72
104 73
104 74
104 76
104 82
104 90
104 91
104 96
104 103
104 109
104 115
104 117
104 121
104 127
104 128
104 129
104 142
104 144
104 146
104 157
104 163
104 166
104 174
104 179
104 190
104 196
104 199
105 0
105 1
105 4
105 6
105 12
105 14
105 27
105 33
105 41
105 51
105 62
105 67
105 72
105 76
105 79
105 81
105 85
105 87
105 97
105 108
105 111
105 113
105 128
105 131
105 132
105 134
105 137
105 138
105 141
105 142
105 163
105 170
105 179
105 180
105 181
105 184
105 187
105 190
105 191
105 194
106 6
106 22
106 23
106 38
106 39
106 44
106 46
106 49
106 51
106 56
106 57
106 60
106 67
106 69
106 78
106 85
106 89
106 90
106 91
106 98
106 100
106 101
106 107
106 118
106 120
106 125
106 129
106 133
106 134
106 135
106 144
106 149
106 158
106 166
106 168
106 171
106 173
106 181
106 192
106 196
106 197
106 199
107 2
107 3
107 11
107 15
107 20
107 26
107 29
107 31
107 32
107 37
107 48
107 57
107 71
107 72
107 73
107 75
107 77
107 79
107 80
107 81
107 87
107 89
107 91
107 99
107 102
107 106
107 109
107 111
107 121
107 133
107 135
107 137
107 144
107 148
107 154
107 161
107 174
107 178
107 182
108 21
108 22
108 24
108 28
108 35
108 39
108 41
108 42
108 47
108 49
108 52
108 54
108 59
108 61
108 65
108 66
108 68
108 69
108 77
108 78
108 82
108 84
108 94
108 95
108 97
108 101
108 103
108 116
108 121
108 125
108 133
108 138
108 144
108 149
108 150
108 152
108 161
108 168
108 171
108 172
108 188
108 190
108 191
109 0
109 1
109 2
109 3
109 4
109 13
109 15
109 16
109 24
109 28
109 33
109 34
109 51
109 59
109 63
109 68
109 82
109 85
109 90
109 102
109 109
109 116
109 117
109 127
109 129
109 130
109 135
109 137
109 143
109 147
109 150
109 155
109 166
109 169
109 175
109 179
109 181
109 183
109 184
109 190
109 197
110 0
110 5
110 15
110 16
110 17
110 27
110 33
110 45
110 47
110 51
110 67
110 86
110 90
110 93
110 95
110 103
110 119
110 121
110 122
110 124
110 128
110 130
110 132
110 136
110 144
110 148
110 149
110 155
110 156
110 160
110 161
110 165
110 174
110 181
110 187
111 10
111 11
111 14
111 18
111 20
111 28
111 34
111 38
111 39
111 53
111 57
111 59
111 61
111 62
111 65
111 72
111 77
111 79
111 82
111 85
111 92
111 98
111 99
111 100
111 105
111 113
111 137
111 144
111 147
111 148
111 151
111 152
111 155
111 163
111 184
111 187
111 190
111 192
111 198
112 2
112 4
112 33
112 35
112 48
112 53
112 55
112 61
112 65
112 70
112 75
112 78
112 89
112 92
112 112
112 125
112 130
112 134
112 135
112 142
112 145
112 148
112 154
112 160
112 162
112 184
113 19
113 30
113 33
113 41
113 43
113 44
113 45
113 46
113 50
113 56
113 58
113 69
113 75
113 79
113 84
113 89
113 99
113 100
113 104
113 108
113 111
113 114
113 120
113 128
113 153
113 163
113 165
113 171
113 174
113 177
113 181
113 189
113 190
113 194
113 199
114 2
114 5
114 6
114 8
114 9
114 10
114 14
114 15
114 18
114 21
114 36
114 44
114 48
114 49
114 50
114 52
114 53
114 56
114 58
114 61
114 64
114 71
114 79
114 101
114 104
114 105
114 106
114 107
114 113
114 118
114 126
114 128
114 129
114 130
114 137
114 139
114 151
114 152
114 153
114 169
114 173
114 174
114 176
114 185
114 190
114 193
115 9
115 14
115 21
115 22
115 25
115 33
115 35
115 42
115 50
115 60
115 61
115 67
115 68
115 71
115 75
115 81
115 85
115 92
115 93
115 101
115 105
115 107
115 109
115 114
115 119
115 125
115 128
115 131
115 139
115 140
115 143
115 145
115 148
115 149
115 194
115 197
116 4
116 22
116 23
116 27
116 31
116 35
116 37
116 45
116 48
116 59
116 92
116 97
116 100
116 103
116 117
116 118
116 119
116 129
116 144
116 145
116 146
116 152
116 156
116 158
116 168
116 170
116 175
116 181
116 182
116 185
116 189
116 190
116 192
116 195
116 198
117 2
117 4
117 6
117 12
117 13
117 23
117 26
117 34
117 45
117 61
117 70
117 71
117 75
117 78
117 83
117 91
117 93
117 94
117 95
117 103
117 106
117 108
117 113
117 116
117 123
117 129
117 130
117 132
117 136
117 138
117 140
117 145
117 151
117 156
117 159
117 161
117 170
117 172
117 175
117 178
117 185
117 189
117 190
117 198
118 1
118 2
118 6
118 7
118 12
118 16
118 20
118 26
118 28
118 35
118 46
118 50
118 55
118 57
118 63
118 69
118 70
118 71
118 79
118 81
118 86
118 88
118 94
118 95
118 105
118 106
118 115
118 119
118 127
118 148
118 153
118 155
118 158
118 166
118 167
118 173
118 176
118 180
118 181
118 194
118 197
118 198
119 5
119 10
119 19
119 23
119 24
119 25
119 28
119 29
119 34
119 36
119 41
119 54
119 55
119 56
119 59
119 69
119 74
119 77
119 88
119 92
119 94
119 99
119 106
119 109
119 110
119 113
119 114
119 118
119 127
119 147
119 163
119 166
119 170
119 188
119 190
119 195
120 1
120 3
120 16
120 29
120 30
120 39
120 46
120 53
120 57
120 59
120 60
120 66
120 67
120 68
120 69
120 71
120 74
120 78
120 80
120 88
120 89
120 94
120 106
120 110
120 111
120 115
120 116
120 118
120 122
120 123
120 134
120 135
120 143
120 149
120 151
120 153
120 161
120 164
120 166
120 170
120 172
120 181
120 184
120 192
120 195
120 197
121 0
121 11
121 19
121 20
121 22
121 26
121 35
121 38
121 39
121 43
121 50
121 51
121 53
121 57
121 58
121 59
121 62
121 67
121 74
121 79
121 80
121 84
121 86
121 96
121 104
121 105
121 111
121 120
121 123
121 124
121 127
121 128
121 129
121 135
121 138
121 143
121 148
121 162
121 168
121 172
121 179
121 182
121 183
121 186
121 192
121 193
121 195
122 0
122 9
122 15
122 30
122 41
122 42
122 43
122 47
122 55
122 61
122 66
122 67
122 69
122 70
122 77
122 90
122 92
122 95
122 102
122 104
122 107
122 125
122 128
122 130
122 131
122 135
122 139
122 144
122 146
122 147
122 149
122 155
122 160
122 163
122 164
122 167
122 168
122 170
122 179
122 183
122 184
122 193
122 195
122 197
122 198
122 199
123 2
123 5
123 6
123 7
123 9
123 11
123 12
123 17
123 21
123 24
123 28
123 30
123 45
123 50
123 52
123 61
123 66
123 68
123 73
123 74
123 76
123 78
123 81
123 83
123 98
123 111
123 115
123 116
123 119
123 120
123 136
123 139
123 140
123 141
123 143
123 151
123 152
123 157
123 161
123 168
123 169
123 172
123 182
123 187
123 192
123 194
124 1
124 4
124 14
124 18
124 22
124 30
124 37
124 38
124 45
124 54
124 57
124 58
124 59
124 61
124 62
124 64
124 65
124 66
124 68
124 69
124 73
124 76
124 81
124 82
124 87
124 91
124 94
124 115
124 121
124 122
124 125
124 127
124 131
124 132
124 136
124 142
124 143
124 145
124 180
124 183
124 194
124 195
125 2
125 6
125 19
125 26
125 34
125 40
125 46
125 48
125 58
125 67
125 79
125 82
125 87
125 96
125 101
125 112
125 117
125 120
125 130
125 133
125 136
125 138
125 139
125 146
125 150
125 153
125 157
125 162
125 176
125 187
125 191
125 193
125 194
126 2
126 14
126 21
126 22
126 25
126 31
126 32
126 33
126 38
126 49
126 51
126 54
126 64
126 70
126 72
126 80
126 83
126 86
126 92
126 99
126 104
126 108
126 113
126 115
126 116
126 117
126 131
126 136
126 140
126 163
126 168
126 171
126 178
126 179
126 181
126 183
126 187
126 191
126 196
127 9
127 14
127 18
127 23
127 25
127 27
127 32
127 34
127 46
127 47
127 60
127 69
127 77
127 81
127 84
127 94
127 96
127 97
127 101
127 104
127 107
127 110
127 113
127 114
127 134
127 137
127 142
127 147
127 151
127 156
127 159
127 160
127 165
127 171
127 172
127 184
128 4
128 5
128 7
128 10
128 19
128 31
128 35
128 38
128 39
128 44
128 46
128 47
128 50
128 52
128 68
128 74
128 79
128 81
128 88
128 89
128 101
128 104
128 112
128 135
128 138
128 141
128 169
128 170
128 175
128 181
128 182
128 189
128 195
129 5
129 8
129 15
129 19
129 25
129 46
129 47
129 57
129 59
129 63
129 69
129 84
129 95
129 98
129 100
129 108
129 109
129 114
129 116
129 117
129 118
129 125
129 130
129 132
129 133
129 141
129 145
129 154
129 156
129 162
129 163
129 164
129 166
129 175
129 176
129 179
129 182
129 183
129 184
130 4
130 8
130 13
130 18
130 23
130 32
130 36
130 48
130 50
130 53
130 55
130 58
130 61
130 77
130 79
130 81
130 84
130 93
130 94
130 97
130 100
130 102
130 103
130 108
130 111
130 114
130 117
130 118
130 122
130 127
130 131
130 132
130 135
130 138
130 145
130 148
130 162
130 166
130 169
130 171
130 178
130 179
130 181
130 183
130 184
130 191
130 193
130 197
131 4
131 7
131 8
131 13
131 17
131 18
131 30
131 33
131 35
131 42
131 43
131 50
131 53
131 57
131 67
131 69
131 75
131 76
131 84
131 88
131 89
131 100
131 111
131 113
131 121
131 131
131 134
131 138
131 144
131 146
131 150
131 152
131 153
131 154
131 167
131 169
131 189
132 11
132 14
132 25
132 26
132 42
132 51
132 58
132 59
132 60
132 68
132 73
132 78
132 79
132 90
132 92
132 95
132 101
132 104
132 108
132 111
132 121
132 126
132 131
132 134
132 136
132 139
132 142
132 145
132 149
132 154
132 155
132 158
132 168
132 176
132 179
132 193
132 194
133 13
133 22
133 23
133 26
133 27
133 36
133 41
133 60
133 63
133 71
133 79
133 89
133 92
133 101
133 104
133 109
133 112
133 114
133 116
133 117
133 128
133 129
133 132
133 135
133 139
133 144
133 152
133 154
133 157
133 160
133 161
133 169
133 170
133 174
133 180
133 193
133 199
134 10
134 14
134 20
134 25
134 33
134 35
134 46
134 47
134 48
134 54
134 55
134 64
134 71
134 83
134 85
134 89
134 90
134 96
134 99
134 105
134 114
134 119
134 129
134 148
134 158
134 171
134 176
134 177
134 182
134 186
134 187
134 189
134 191
134 197
135 5
135 20
135 36
135 37
135 44
135 45
135 54
135 57
135 59
135 60
135 62
135 66
135 67
135 70
135 73
135 74
135 76
135 78
135 92
135 95
135 96
135 101
135 108
135 109
135 111
135 117
135 119
135 128
135 130
135 142
135 144
135 145
135 146
135 149
135 150
135 157
135 166
135 169
135 171
135 172
135 173
135 176
135 180
135 184
135 185
135 195
135 196
135 199
136 2
136 4
136 10
136 11
136 17
136 19
136 24
136 29
136 30
136 32
136 34
136 40
136 47
136 54
136 68
136 73
136 80
136 89
136 91
136 93
136 95
136 100
136 110
136 111
136 114
136 119
136 121
136 123
136 124
136 136
136 138
136 146
136 161
136 167
136 172
136 178
136 181
136 184
136 186
136 188
136 189
136 190
136 193
136 195
136 198
137 0
137 4
137 11
137 13
137 15
137 19
137 21
137 45
137 48
137 50
137 51
137 52
137 58
137 59
137 78
137 81
137 84
137 85
137 86
137 89
137 109
137 113
137 117
137 119
137 123
137 125
137 136
137 137
137 143
137 144
137 145
137 160
137 172
137 196
137 197
138 30
138 34
138 37
138 39
138 42
138 48
138 56
138 66
138 71
138 73
138 77
138 86
138 88
138 94
138 120
138 132
138 137
138 138
138 139
138 141
138 150
138 153
138 154
138 158
138 159
138 163
138 164
138 167
138 169
138 175
138 177
138 180
138 183
138 187
138 196
139 0
139 6
139 19
139 20
139 21
139 34
139 48
139 60
139 61
139 62
139 65
139 69
139 77
139 78
139 80
139 81
139 83
139 87
139 92
139 96
139 106
139 107
139 108
139 109
139 111
139 117
139 126
139 127
139 130
139 133
139 137
139 139
139 140
139 142
139 147
139 150
139 151
139 163
139 166
139 168
139 169
139 174
139 175
139 186
139 197
140 5
140 12
140 16
140 18
140 19
140 20
140 22
140 25
140 41
140 43
140 44
140 47
140 54
140 63
140 88
140 97
140 106
140 108
140 110
140 112
140 115
140 136
140 141
140 155
140 157
140 164
140 171
140 176
140 182
140 185
140 194
140 195
141 3
141 7
141 10
141 29
141 38
141 39
141 42
141 44
141 51
141 52
141 54
141 67
141 73
141 78
141 80
141 95
141 113
141 121
141 125
141 140
141 143
141 144
141 150
141 152
141 154
141 155
141 158
141 159
141 165
141 167
141 172
141 179
142 4
142 9
142 12
142 14
142 16
142 23
142 37
142 43
142 57
142 63
142 67
142 68
142 81
142 86
142 91
142 95
142 98
142 106
142 113
142 115
142 118
142 121
142 130
142 142
142 144
142 146
142 153
142 164
142 166
142 170
142 176
142 182
142 186
142 187
142 188
142 198
143 6
143 9
143 12
143 13
143 18
143 23
143 31
143 32
143 34
143 49
143 51
143 52
143 53
143 65
143 67
143 85
143 104
143 106
143 113
143 120
143 123
143 133
143 135
143 137
143 140
143 142
143 145
143 146
143 151
143 154
143 165
143 166
143 167
143 168
143 176
143 184
143 194
144 4
144 10
144 11
144 22
144 24
144 25
144 30
144 37
144 42
144 52
144 63
144 67
144 70
144 71
144 77
144 78
144 85
144 94
144 96
144 101
144 105
144 110
144 111
144 112
144 114
144 143
144 162
144 169
144 171
144 173
144 184
144 185
144 199
145 0
145 3
145 5
145 7
145 9
145 12
145 14
145 16
145 34
145 38
145 39
145 40
145 46
145 60
145 67
145 68
145 69
145 79
145 81
145 87
145 93
145 96
145 99
145 101
145 104
145 107
145 108
145 114
145 115
145 116
145 120
145 125
145 133
145 135
145 139
145 148
145 154
145 156
145 157
145 163
145 172
145 185
145 189
145 194
146 6
146 8
146 10
146 14
146 17
146 28
146 29
146 34
146 35
146 38
146 65
146 68
146 70
146 71
146 72
146 73
146 76
146 86
146 90
146 97
146 100
146 105
146 114
146 120
146 121
146 128
146 131
146 132
146 133
146 153
146 154
146 156
146 158
146 163
146 165
146 168
146 170
146 187
146 192
146 195
147 5
147 24
147 25
147 28
147 33
147 36
147 37
147 40
147 51
147 55
147 63
147 65
147 71
147 73
147 77
147 79
147 83
147 102
147 107
147 111
147 118
147 121
147 123
147 130
147 136
147 156
147 165
147 167
147 174
147 175
147 176
147 188
147 192
148 0
148 5
148 9
148 14
148 19
148 23
148 26
148 31
148 36
148 39
148 45
148 50
148 51
148 53
148 60
148 66
148 73
148 74
148 81
148 82
148 85
148 88
148 105
148 113
148 116
148 123
148 125
148 128
148 139
148 143
148 150
148 155
148 161
148 167
148 171
148 180
148 190
148 194
148 195
149 1
149 2
149 5
149 14
149 15
149 19
149 22
149 30
149 41
149 42
149 44
149 64
149 66
149 67
149 69
149 74
149 77
149 81
149 86
149 87
149 109
149 110
149 118
149 136
149 137
149 142
149 143
149 149
149 153
149 157
149 173
149 174
149 177
149 179
149 180
149 183
149 186
149 193
149 198
149 199
150 0
150 4
150 5
150 7
150 10
150 11
150 21
150 33
150 39
150 42
150 49
150 54
150 61
150 62
150 64
150 68
150 71
150 77
150 78
150 81
150 82
150 96
150 97
150 102
150 105
150 107
150 108
150 109
150 119
150 120
150 128
150 133
150 135
150 145
150 147
150 150
150 155
150 159
150 166
150 171
150 172
150 176
150 182
150 183
150 191
150 194
150 196
151 2
151 5
151 7
151 11
151 22
151 39
151 53
151 74
151 87
151 89
151 97
151 101
151 106
151 107
151 108
151 113
151 116
151 121
151 124
151 130
151 132
151 134
151 135
151 136
151 137
151 147
151 155
151 167
151 170
151 171
151 174
151 184
151 186
151 191
151 193
151 194
152 13
152 18
152 29
152 30
152 32
152 34
152 36
152 37
152 41
152 45
152 46
152 66
152 70
152 74
152 83
152 89
152 92
152 108
152 110
152 112
152 120
152 122
152 125
152 127
152 130
152 132
152 137
152 139
152 147
152 149
152 154
152 156
152 161
152 183
152 184
152 186
152 188
152 195
152 198
153 5
153 6
153 14
153 16
153 22
153 28
153 30
153 41
153 42
153 47
153 56
153 61
153 63
153 65
153 69
153 76
153 77
153 84
153 90
153 98
153 99
153 101
153 102
153 105
153 107
153 120
153 121
153 126
153 129
153 135
153 138
153 140
153 142
153 161
153 164
153 173
153 185
153 187
153 188
153 193
153 198
154 4
154 5
154 11
154 13
154 18
154 22
154 25
154 52
154 53
154 64
154 66
154 69
154 75
154 77
154 78
154 79
154 80
154 84
154 89
154 94
154 95
154 98
154 119
154 127
154 128
154 132
154 135
154 139
154 147
154 148
154 149
154 155
154 159
154 162
154 164
154 166
154 174
154 177
154 178
154 181
154 186
154 196
155 2
155 3
155 11
155 16
155 27
155 33
155 39
155 42
155 44
155 54
155 55
155 57
155 58
155 64
155 74
155 78
155 82
155 87
155 92
155 96
155 101
155 104
155 109
155 117
155 118
155 121
155 125
155 129
155 143
155 151
155 152
155 161
155 171
155 175
155 177
155 179
155 183
155 186
155 193
156 3
156 5
156 9
156 14
156 17
156 22
156 24
156 48
156 53
156 56
156 58
156 64
156 72
156 76
156 78
156 81
156 88
156 96
156 100
156 109
156 111
156 117
156 118
156 125
156 134
156 148
156 152
156 156
156 159
156 160
156 162
156 164
156 169
156 175
156 177
156 186
156 188
156 189
157 1
157 5
157 6
157 19
157 21
157 24
157 26
157 29
157 37
157 38
157 43
157 47
157 48
157 52
157 65
157 71
157 72
157 73
157 77
157 79
157 81
157 86
157 97
157 108
157 109
157 112
157 119
157 120
157 121
157 126
157 127
157 142
157 144
157 147
157 149
157 155
157 157
157 158
157 160
157 162
157 164
157 166
157 187
157 190
158 0
158 9
158 25
158 26
158 30
158 36
158 37
158 45
158 48
158 52
158 55
158 62
158 67
158 68
158 82
158 83
158 86
158 88
158 90
158 91
158 93
158 98
158 110
158 115
158 116
158 119
158 133
158 139
158 147
158 152
158 156
158 158
158 161
158 165
158 167
158 181
158 190
158 198
159 1
159 3
159 13
159 21
159 23
159 26
159 27
159 32
159 42
159 45
159 46
159 55
159 69
159 78
159 80
159 85
159 91
159 96
159 97
159 101
159 103
159 106
159 109
159 113
159 117
159 124
159 125
159 127
159 133
159 147
159 167
159 171
159 174
159 179
159 184
159 187
159 189
159 197
160 3
160 4
160 15
160 26
160 29
160 31
160 32
160 45
160 49
160 51
160 58
160 61
160 77
160 84
160 86
160 94
160 97
160 102
160 108
160 119
160 125
160 136
160 137
160 144
160 146
160 154
160 157
160 158
160 162
160 169
160 170
160 171
160 183
160 184
160 190
160 192
161 6
161 16
161 23
161 33
161 39
161 44
161 49
161 56
161 58
161 60
161 73
161 78
161 80
161 88
161 106
161 119
161 120
161 121
161 135
161 137
161 154
161 167
161 169
161 170
161 188
161 192
161 195
161 197
162 1
162 2
162 7
162 18
162 21
162 25
162 29
162 33
162 34
162 37
162 49
162 51
162 56
162 67
162 68
162 72
162 75
162 77
162 85
162 94
162 98
162 104
162 106
162 107
162 113
162 114
162 117
162 122
162 124
162 125
162 126
162 129
162 130
162 132
162 133
162 135
162 136
162 146
162 152
162 162
162 175
162 179
162 183
162 186
162 199
163 1
163 3
163 6
163 7
163 26
163 30
163 33
163 38
163 42
163 58
163 67
163 78
163 89
163 91
163 97
163 99
163 108
163 115
163 117
163 132
163 135
163 142
163 146
163 147
163 157
163 159
163 160
163 164
163 176
163 178
163 181
163 192
164 22
164 25
164 27
164 37
164 44
164 46
164 58
164 62
164 64
164 70
164 72
164 74
164 86
164 91
164 99
164 102
164 107
164 108
164 111
164 130
164 136
164 142
164 161
164 166
164 167
164 175
164 178
164 181
164 192
164 193
164 198
165 1
165 3
165 6
165 20
165 22
165 30
165 32
165 34
165 37
165 38
165 42
165 48
165 49
165 51
165 55
165 58
165 68
165 73
165 75
165 81
165 94
165 95
165 105
165 106
165 109
165 112
165 116
165 128
165 131
165 147
165 149
165 152
165 154
165 160
165 163
165 171
165 183
165 197
166 9
166 10
166 20
166 28
166 36
166 39
166 42
166 44
166 50
166 54
166 60
166 61
166 65
166 79
166 87
166 89
166 91
166 92
166 102
166 103
166 108
166 109
166 114
166 116
166 126
166 127
166 131
166 132
166 134
166 135
166 136
166 137
166 140
166 143
166 149
166 150
166 151
166 157
166 160
166 162
166 166
166 169
166 170
166 185
166 191
166 195
166 198
167 1
167 5
167 9
167 10
167 11
167 16
167 20
167 24
167 44
167 51
167 53
167 58
167 59
167 73
167 75
167 76
167 82
167 88
167 97
167 102
167 123
167 126
167 128
167 139
167 140
167 143
167 145
167 149
167 150
167 152
167 157
167 159
167 160
167 162
167 176
167 178
167 184
167 185
167 189
167 191
168 0
168 9
168 14
168 17
168 22
168 30
168 32
168 33
168 35
168 36
168 40
168 42
168 44
168 51
168 54
168 57
168 58
168 64
168 70
168 85
168 91
168 107
168 109
168 118
168 120
168 121
168 126
168 129
168 131
168 134
168 137
168 154
168 162
168 173
168 182
168 186
168 190
169 0
169 2
169 3
169 15
169 18
169 23
169 26
169 31
169 33
169 41
169 44
169 51
169 54
169 57
169 75
169 77
169 78
169 84
169 85
169 97
169 98
169 104
169 105
169 106
169 108
169 110
169 111
169 121
169 130
169 139
169 141
169 145
169 149
169 155
169 158
169 166
169 167
169 171
169 173
169 174
169 177
169 178
169 182
169 195
169 197
169 198
170 1
170 12
170 14
170 17
170 20
170 25
170 41
170 43
170 44
170 48
170 50
170 54
170 61
170 67
170 69
170 70
170 73
170 75
170 76
170 81
170 86
170 88
170 95
170 106
170 112
170 117
170 119
170 122
170 125
170 137
170 138
170 150
170 151
170 152
170 160
170 168
170 173
170 174
170 177
170 179
170 180
170 190
170 192
170 194
171 2
171 4
171 8
171 11
171 15
171 21
171 22
171 26
171 27
171 28
171 29
171 30
171 32
171 34
171 35
171 37
171 46
171 48
171 49
171 52
171 54
171 58
171 59
171 60
171 62
171 64
171 70
171 74
171 80
171 81
171 87
171 94
171 95
171 111
171 116
171 119
171 124
171 130
171 131
171 132
171 135
171 146
171 147
171 155
171 157
171 160
171 167
171 189
171 190
171 191
172 0
172 1
172 2
172 7
172 8
172 9
172 11
172 12
172 18
172 19
172 20
172 42
172 46
172 52
172 60
172 68
172 69
172 71
172 74
172 82
172 84
172 87
172 90
172 93
172 96
172 99
172 100
172 102
172 104
172 106
172 108
172 117
172 131
172 134
172 149
172 152
172 163
172 168
172 172
172 173
172 181
172 186
172 189
172 191
173 0
173 1
173 3
173 4
173 7
173 9
173 13
173 17
173 21
173 23
173 28
173 34
173 44
173 58
173 64
173 73
173 75
173 76
173 84
173 86
173 90
173 92
173 93
173 94
173 109
173 110
173 113
173 114
173 117
173 119
173 126
173 129
173 131
173 145
173 147
173 153
173 154
173 158
173 163
173 165
173 172
173 173
173 178
173 186
173 190
173 197
174 2
174 3
174 6
174 7
174 11
174 13
174 15
174 17
174 18
174 20
174 24
174 29
174 32
174 40
174 42
174 43
174 44
174 45
174 53
174 67
174 71
174 79
174 84
174 85
174 88
174 97
174 100
174 102
174 107
174 111
174 116
174 122
174 129
174 135
174 147
174 154
174 156
174 160
174 163
174 164
174 184
174 196
174 199
175 4
175 9
175 14
175 18
175 20
175 23
175 25
175 26
175 27
175 28
175 30
175 35
175 42
175 53
175 54
175 61
175 65
175 68
175 77
175 82
175 83
175 107
175 109
175 116
175 119
175 126
175 127
175 130
175 148
175 158
175 160
175 164
175 166
175 169
175 170
175 176
175 180
175 190
175 193
176 2
176 9
176 10
176 13
176 16
176 18
176 24
176 28
176 29
176 30
176 37
176 38
176 39
176 41
176 44
176 56
176 64
176 65
176 66
176 73
176 75
176 79
176 85
176 94
176 98
176 107
176 110
176 112
176 126
176 131
176 132
176 135
176 140
176 146
176 147
176 151
176 165
176 171
176 175
176 182
176 185
176 192
176 195
177 4
177 11
177 13
177 16
177 20
177 28
177 32
177 39
177 40
177 43
177 50
177 51
177 63
177 76
177 80
177 93
177 99
177 100
177 101
177 102
177 106
177 109
177 110
177 122
177 126
177 131
177 133
177 134
177 135
177 137
177 150
177 157
177 158
177 164
177 170
177 180
177 181
177 192
177 197
177 198
177 199
178 0
178 2
178 3
178 9
178 11
178 19
178 22
178 28
178 36
178 40
178 43
178 51
178 54
178 57
178 70
178 72
178 84
178 97
178 100
178 103
178 107
178 109
178 110
178 112
178 116
178 121
178 125
178 127
178 128
178 131
178 133
178 134
178 142
178 145
178 147
178 149
178 161
178 177
178 181
179 15
179 18
179 23
179 24
179 25
179 38
179 47
179 51
179 53
179 54
179 56
179 59
179 66
179 70
179 71
179 79
179 88
179 89
179 98
179 107
179 109
179 117
179 119
179 120
179 139
179 146
179 147
179 154
179 156
179 159
179 166
179 168
179 171
179 181
179 188
179 196
179 197
180 3
180 15
180 18
180 25
180 30
180 31
180 42
180 52
180 59
180 61
180 63
180 70
180 73
180 74
180 78
180 81
180 86
180 92
180 97
180 103
180 105
180 108
180 118
180 122
180 127
180 129
180 132
180 136
180 141
180 143
180 146
180 151
180 160
180 166
180 167
180 182
180 185
180 187
180 193
180 194
180 195
180 196
180 198
181 0
181 3
181 16
181 18
181 22
181 25
181 30
181 31
181 32
181 37
181 62
181 67
181 71
181 72
181 74
181 77
181 78
181 79
181 80
181 85
181 103
181 108
181 111
181 117
181 120
181 127
181 132
181 135
181 140
181 145
181 159
181 164
181 165
181 171
181 179
181 182
181 186
182 3
182 19
182 38
182 39
182 41
182 45
182 50
182 52
182 57
182 61
182 64
182 76
182 79
182 82
182 83
182 92
182 95
182 98
182 104
182 113
182 117
182 125
182 135
182 139
182 150
182 153
182 154
182 165
182 174
182 188
182 191
182 192
182 194
182 198
183 4
183 5
183 8
183 14
183 15
183 18
183 21
183 33
183 38
183 47
183 52
183 58
183 60
183 62
183 63
183 67
183 76
183 86
183 89
183 93
183 97
183 98
183 104
183 126
183 141
183 149
183 150
183 158
183 170
183 174
183 176
183 177
183 182
183 194
184 0
184 5
184 8
184 9
184 23
184 24
184 26
184 28
184 30
184 55
184 58
184 62
184 66
184 70
184 71
184 75
184 78
184 87
184 90
184 98
184 115
184 116
184 124
184 126
184 133
184 134
184 148
184 159
184 174
184 182
184 186
184 192
184 193
184 197
184 198
185 2
185 10
185 14
185 15
185 16
185 17
185 33
185 37
185 38
185 43
185 54
185 59
185 60
185 68
185 73
185 74
185 75
185 80
185 82
185 85
185 97
185 105
185 109
185 116
185 125
185 129
185 130
185 133
185 135
185 140
185 141
185 143
185 147
185 153
185 158
185 176
185 182
185 187
185 188
185 191
185 192
185 194
186 5
186 7
186 9
186 15
186 20
186 23
186 30
186 35
186 45
186 54
186 56
186 57
186 58
186 60
186 64
186 68
186 73
186 80
186 89
186 93
186 112
186 115
186 116
186 120
186 121
186 124
186 125
186 128
186 141
186 146
186 149
186 154
186 160
186 164
186 178
186 180
186 181
186 188
186 195
186 196
186 198
187 8
187 10
187 17
187 29
187 36
187 38
187 39
187 40
187 41
187 42
187 46
187 48
187 54
187 60
187 62
187 68
187 71
187 72
187 73
187 74
187 87
187 90
187 93
187 94
187 97
187 104
187 105
187 112
187 115
187 122
187 124
187 125
187 127
187 130
187 132
187 137
187 151
187 168
187 169
187 178
187 181
187 187
188 0
188 5
188 7
188 14
188 16
188 20
188 23
188 29
188 38
188 43
188 49
188 52
188 54
188 61
188 72
188 73
188 74
188 80
188 83
188 84
188 100
188 106
188 113
188 118
188 119
188 120
188 121
188 122
188 132
188 133
188 139
188 154
188 160
188 165
188 167
188 169
188 174
188 186
188 189
188 192
189 3
189 4
189 7
189 10
189 14
189 16
189 18
189 27
189 31
189 38
189 41
189 44
189 49
189 50
189 52
189 56
189 60
189 62
189 67
189 69
189 72
189 78
189 81
189 82
189 84
189 85
189 91
189 99
189 100
189 110
189 112
189 122
189 125
189 126
189 127
189 132
189 134
189 135
189 136
189 137
189 145
189 148
189 152
189 153
189 161
189 163
189 172
189 173
189 178
189 184
189 185
189 187
189 189
189 190
189 192
189 195
189 197
190 1
190 11
190 12
190 16
190 23
190 26
190 30
190 41
190 49
190 52
190 60
190 63
190 69
190 71
190 75
190 82
190 85
190 88
190 98
190 106
190 112
190 117
190 119
190 123
190 124
190 130
190 153
190 155
190 165
190 166
190 173
190 175
190 178
190 179
190 181
190 184
190 199
191 4
191 6
191 16
191 21
191 26
191 30
191 35
191 37
191 42
191 47
191 56
191 61
191 65
191 71
191 78
191 80
191 84
191 85
191 86
191 89
191 93
191 94
191 100
191 102
191 106
191 107
191 115
191 117
191 121
191 122
191 123
191 132
191 134
191 142
191 145
191 156
191 161
191 165
191 167
191 175
191 177
191 178
191 179
191 184
191 188
192 0
192 2
192 4
192 5
192 12
192 17
192 22
192 24
192 28
192 32
192 33
192 38
192 39
192 40
192 49
192 50
192 53
192 56
192 69
192 75
192 78
192 82
192 84
192 96
192 100
192 106
192 110
192 111
192 115
192 125
192 128
192 137
192 141
192 146
192 149
192 154
192 160
192 162
192 168
192 181
192 187
192 190
192 195
192 197
193 2
193 6
193 14
193 15
193 19
193 21
193 30
193 39
193 41
193 47
193 73
193 79
193 80
193 81
193 87
193 89
193 93
193 94
193 101
193 110
193 117
193 133
193 142
193 143
193 149
193 153
193 167
193 170
193 178
193 184
193 189
194 7
194 10
194 12
194 13
194 17
194 22
194 36
194 37
194 42
194 44
194 47
194 52
194 54
194 57
194 61
194 64
194 71
194 74
194 82
194 85
194 88
194 100
194 102
194 103
194 109
194 110
194 111
194 112
194 115
194 125
194 132
194 136
194 142
194 151
194 171
194 183
194 184
194 193
195 9
195 11
195 12
195 16
195 18
195 23
195 39
195 53
195 55
195 58
195 60
195 63
195 65
195 68
195 71
195 93
195 104
195 109
195 112
195 116
195 118
195 122
195 123
195 124
195 125
195 127
195 132
195 133
195 135
195 140
195 143
195 150
195 164
195 167
195 175
195 178
195 189
195 190
195 191
195 192
195 195
196 5
196 10
196 18
196 20
196 26
196 27
196 35
196 39
196 40
196 44
196 56
196 69
196 77
196 85
196 88
196 96
196 100
196 107
196 114
196 116
196 125
196 128
196 131
196 135
196 138
196 146
196 149
196 154
196 159
196 160
196 164
196 171
196 182
196 187
196 188
196 191
197 7
197 11
197 12
197 13
197 15
197 20
197 24
197 25
197 26
197 28
197 43
197 45
197 47
197 57
197 65
197 68
197 95
197 96
197 97
197 98
197 102
197 103
197 107
197 111
197 121
197 127
197 128
197 130
197 136
197 140
197 141
197 144
197 147
197 150
197 153
197 159
197 165
197 168
197 170
197 192
197 193
197 194
197 197
198 1
198 15
198 17
198 20
198 27
198 33
198 35
198 40
198 42
198 43
198 47
198 53
198 60
198 68
198 80
198 88
198 92
198 97
198 98
198 105
198 109
198 112
198 114
198 116
198 121
198 138
198 142
198 149
198 155
198 156
198 158
198 184
198 186
198 191
198 195
199 3
199 7
199 19
199 25
199 26
199 27
199 33
199 38
199 46
199 48
199 49
199 56
199 59
199 61
199 63
199 73
199 81
199 83
199 96
199 101
199 103
199 114
199 117
199 129
199 135
199 136
199 142
199 162
199 165
199 177
199 180
199 182
199 186
199 187
199 189
199 192
199 195
199 198